0  0  1.6598  0  0.23698  0.04905  0  
0  0.0023698  1.65931  0  0.23698  -0.04905  0  
0.01  0.0047396  1.65784  0  0.23698  -0.14715  0  
0.02  0.0071094  1.65539  0  0.23698  -0.24525  0  
0.03  0.0094792  1.65195  0  0.23698  -0.34335  0  
0.04  0.011849  1.64754  0  0.23698  -0.44145  0  
0.05  0.0142188  1.64214  0  0.23698  -0.53955  0  
0.06  0.0165886  1.63577  0  0.23698  -0.63765  0  
0.07  0.0189584  1.62841  0  0.23698  -0.73575  0  
0.08  0.0213282  1.62007  0  0.23698  -0.83385  0  
0.09  0.023698  1.61075  0  0.23698  -0.93195  0  
0.1  0.0260678  1.60045  0  0.23698  -1.03005  0  
0.11  0.0284376  1.58917  0  0.23698  -1.12815  0  
0.12  0.0308074  1.57691  0  0.23698  -1.22625  0  
0.13  0.0331772  1.56366  0  0.23698  -1.32435  0  
0.14  0.035547  1.54944  0  0.23698  -1.42245  0  
0.15  0.0379168  1.53423  0  0.23698  -1.52055  0  
0.16  0.0402866  1.51805  0  0.23698  -1.61865  0  
0.17  0.0426564  1.50088  0  0.23698  -1.71675  0  
0.18  0.0450262  1.48273  0  0.23698  -1.81485  0  
0.19  0.047396  1.4636  0  0.23698  -1.91295  0  
0.2  0.0497658  1.44349  0  0.23698  -2.01105  0  
0.21  0.0521356  1.4224  0  0.23698  -2.10915  0  
0.22  0.0545054  1.40033  0  0.23698  -2.20725  0  
0.23  0.0568752  1.37727  0  0.23698  -2.30535  0  
0.24  0.059245  1.35324  0  0.23698  -2.40345  0  
0.25  0.0616148  1.32822  0  0.23698  -2.50155  0  
0.26  0.0639846  1.30223  0  0.23698  -2.59965  0  
0.27  0.0663544  1.27525  0  0.23698  -2.69775  0  
0.28  0.0687242  1.24729  0  0.23698  -2.79585  0  
0.29  0.071094  1.21835  0  0.23698  -2.89395  0  
0.3  0.0734638  1.18843  0  0.23698  -2.99205  0  
0.31  0.0758336  1.15753  0  0.23698  -3.09015  0  
0.32  0.0782034  1.12565  0  0.23698  -3.18825  0  
0.33  0.0805732  1.09278  0  0.23698  -3.28635  0  
0.34  0.082943  1.05894  0  0.23698  -3.38445  0  
0.35  0.0853128  1.02411  0  0.23698  -3.48255  0  
0.36  0.0876826  0.988305  0  0.23698  -3.58065  0  
0.37  0.0900524  0.951518  0  0.23698  -3.67875  0  
0.38  0.0924222  0.913749  0  0.23698  -3.77685  0  
0.39  0.094792  0.875  0  0.23698  -3.87495  0  
0.4  0.0971618  0.835269  0  0.23698  -3.97305  0  
0.41  0.0995316  0.794558  0  0.23698  -4.07115  0  
0.42  0.101901  0.752865  0  0.23698  -4.16925  0  
0.43  0.104271  0.710192  0  0.23698  -4.26735  0  
0.44  0.106641  0.666537  0  0.23698  -4.36545  0  
0.45  0.109011  0.621902  0  0.23698  -4.46355  0  
0.46  0.111381  0.576285  0  0.23698  -4.56165  0  
0.47  0.11375  0.529688  0  0.23698  -4.65975  0  
0.48  0.11612  0.482109  0  0.23698  -4.75785  0  
0.49  0.11849  0.43355  0  0.23698  -4.85595  0  
0.5  0.12086  0.384009  0  0.23698  -4.95405  0  
0.51  0.12323  0.333488  0  0.23698  -5.05215  0  
0.52  0.125599  0.281985  0  0.23698  -5.15025  0  
0.53  0.127969  0.229502  0  0.23698  -5.24835  0  
0.54  0.130339  0.176507  0  0.23698  -5.29951  0  
0.55  0.132709  0.127525  0  0.23698  -4.89818  0  
0.56  0.135079  0.0867389  0  0.23698  -4.07863  0  
0.57  0.137448  0.0576306  0  0.23698  -2.91083  0  
0.58  0.139818  0.0426856  0  0.23698  -1.4945  0  
0.59  0.142188  0.04318  0  0.23698  0.0494355  0  
0.6  0.144558  0.0590715  0  0.23698  1.58915  0  
0.61  0.146928  0.0890033  0  0.23698  2.99318  0  
0.62  0.149297  0.13042  0  0.23698  4.14164  0  
0.63  0.151667  0.179784  0  0.23698  4.93648  0  
0.64  0.154037  0.232883  0  0.23698  5.30982  0  
0.65  0.156407  0.285181  0  0.23698  5.2298  0  
0.66  0.158777  0.336498  0  0.23698  5.1317  0  
0.67  0.161146  0.386834  0  0.23698  5.0336  0  
0.68  0.163516  0.436189  0  0.23698  4.9355  0  
0.69  0.165886  0.484563  0  0.23698  4.8374  0  
0.7  0.168256  0.531956  0  0.23698  4.7393  0  
0.71  0.170626  0.578368  0  0.23698  4.6412  0  
0.72  0.172995  0.623799  0  0.23698  4.5431  0  
0.73  0.175365  0.668249  0  0.23698  4.445  0  
0.74  0.177735  0.711718  0  0.23698  4.3469  0  
0.75  0.180105  0.754206  0  0.23698  4.2488  0  
0.76  0.182475  0.795713  0  0.23698  4.1507  0  
0.77  0.184844  0.836239  0  0.23698  4.0526  0  
0.78  0.187214  0.875784  0  0.23698  3.9545  0  
0.79  0.189584  0.914348  0  0.23698  3.8564  0  
0.8  0.191954  0.951931  0  0.23698  3.7583  0  
0.81  0.194324  0.988533  0  0.23698  3.6602  0  
0.82  0.196693  1.02415  0  0.23698  3.5621  0  
0.83  0.199063  1.05879  0  0.23698  3.464  0  
0.84  0.201433  1.09245  0  0.23698  3.3659  0  
0.85  0.203803  1.12513  0  0.23698  3.2678  0  
0.86  0.206173  1.15683  0  0.23698  3.1697  0  
0.87  0.208542  1.18754  0  0.23698  3.0716  0  
0.88  0.210912  1.21728  0  0.23698  2.9735  0  
0.89  0.213282  1.24603  0  0.23698  2.8754  0  
0.9  0.215652  1.27381  0  0.23698  2.7773  0  
0.91  0.218022  1.3006  0  0.23698  2.6792  0  
0.92  0.220391  1.32641  0  0.23698  2.5811  0  
0.93  0.222761  1.35124  0  0.23698  2.483  0  
0.94  0.225131  1.37509  0  0.23698  2.3849  0  
0.95  0.227501  1.39796  0  0.23698  2.2868  0  
0.96  0.229871  1.41984  0  0.23698  2.1887  0  
0.97  0.23224  1.44075  0  0.23698  2.0906  0  
0.98  0.23461  1.46067  0  0.23698  1.9925  0  
0.99  0.23698  1.47962  0  0.23698  1.8944  0  
1  0.23935  1.49758  0  0.23698  1.7963  0  
1.01  0.24172  1.51456  0  0.23698  1.6982  0  
1.02  0.244089  1.53056  0  0.23698  1.6001  0  
1.03  0.246459  1.54558  0  0.23698  1.502  0  
1.04  0.248829  1.55962  0  0.23698  1.4039  0  
1.05  0.251199  1.57268  0  0.23698  1.3058  0  
1.06  0.253569  1.58476  0  0.23698  1.2077  0  
1.07  0.255938  1.59585  0  0.23698  1.1096  0  
1.08  0.258308  1.60597  0  0.23698  1.0115  0  
1.09  0.260678  1.6151  0  0.23698  0.913401  0  
1.1  0.263048  1.62326  0  0.23698  0.815301  0  
1.11  0.265418  1.63043  0  0.23698  0.717201  0  
1.12  0.267787  1.63662  0  0.23698  0.619101  0  
1.13  0.270157  1.64183  0  0.23698  0.521001  0  
1.14  0.272527  1.64606  0  0.23698  0.422901  0  
1.15  0.274897  1.64931  0  0.23698  0.324801  0  
1.16  0.277267  1.65157  0  0.23698  0.226701  0  
1.17  0.279636  1.65286  0  0.23698  0.128601  0  
1.18  0.282006  1.65316  0  0.23698  0.0305014  0  
1.19  0.284376  1.65249  0  0.23698  -0.0675986  0  
1.2  0.286746  1.65083  0  0.23698  -0.165699  0  
1.21  0.289116  1.64819  0  0.23698  -0.263799  0  
1.22  0.291485  1.64457  0  0.23698  -0.361899  0  
1.23  0.293855  1.63997  0  0.23698  -0.459999  0  
1.24  0.296225  1.63439  0  0.23698  -0.558099  0  
1.25  0.298595  1.62783  0  0.23698  -0.656199  0  
1.26  0.300965  1.62029  0  0.23698  -0.754299  0  
1.27  0.303334  1.61176  0  0.23698  -0.852399  0  
1.28  0.305704  1.60226  0  0.23698  -0.950499  0  
1.29  0.308074  1.59177  0  0.23698  -1.0486  0  
1.3  0.310444  1.58031  0  0.23698  -1.1467  0  
1.31  0.312814  1.56786  0  0.23698  -1.2448  0  
1.32  0.315183  1.55443  0  0.23698  -1.3429  0  
1.33  0.317553  1.54002  0  0.23698  -1.441  0  
1.34  0.319923  1.52463  0  0.23698  -1.5391  0  
1.35  0.322293  1.50826  0  0.23698  -1.6372  0  
1.36  0.324663  1.4909  0  0.23698  -1.7353  0  
1.37  0.327032  1.47257  0  0.23698  -1.8334  0  
1.38  0.329402  1.45325  0  0.23698  -1.9315  0  
1.39  0.331772  1.43296  0  0.23698  -2.0296  0  
1.4  0.334142  1.41168  0  0.23698  -2.1277  0  
1.41  0.336512  1.38942  0  0.23698  -2.2258  0  
1.42  0.338881  1.36618  0  0.23698  -2.3239  0  
1.43  0.341251  1.34196  0  0.23698  -2.422  0  
1.44  0.343621  1.31676  0  0.23698  -2.5201  0  
1.45  0.345991  1.29058  0  0.23698  -2.6182  0  
1.46  0.348361  1.26342  0  0.23698  -2.7163  0  
1.47  0.35073  1.23527  0  0.23698  -2.8144  0  
1.48  0.3531  1.20615  0  0.23698  -2.9125  0  
1.49  0.35547  1.17604  0  0.23698  -3.0106  0  
1.5  0.35784  1.14496  0  0.23698  -3.1087  0  
1.51  0.36021  1.11289  0  0.23698  -3.2068  0  
1.52  0.362579  1.07984  0  0.23698  -3.3049  0  
1.53  0.364949  1.04581  0  0.23698  -3.403  0  
1.54  0.367319  1.0108  0  0.23698  -3.5011  0  
1.55  0.369689  0.974807  0  0.23698  -3.5992  0  
1.56  0.372059  0.937834  0  0.23698  -3.6973  0  
1.57  0.374428  0.89988  0  0.23698  -3.7954  0  
1.58  0.376798  0.860945  0  0.23698  -3.8935  0  
1.59  0.379168  0.821029  0  0.23698  -3.9916  0  
1.6  0.381538  0.780132  0  0.23698  -4.0897  0  
1.61  0.383908  0.738254  0  0.23698  -4.1878  0  
1.62  0.386277  0.695395  0  0.23698  -4.2859  0  
1.63  0.388647  0.651555  0  0.23698  -4.384  0  
1.64  0.391017  0.606734  0  0.23698  -4.4821  0  
1.65  0.393387  0.560932  0  0.23698  -4.5802  0  
1.66  0.395757  0.514149  0  0.23698  -4.6783  0  
1.67  0.398126  0.466385  0  0.23698  -4.7764  0  
1.68  0.400496  0.41764  0  0.23698  -4.8745  0  
1.69  0.402866  0.367914  0  0.23698  -4.9726  0  
1.7  0.405236  0.317207  0  0.23698  -5.0707  0  
1.71  0.407606  0.265519  0  0.23698  -5.1688  0  
1.72  0.409975  0.21285  0  0.23698  -5.2669  0  
1.73  0.412345  0.161091  0  0.23698  -5.17588  0  
1.74  0.414715  0.114662  0  0.23698  -4.64292  0  
1.75  0.417085  0.0775267  0  0.23698  -3.71355  0  
1.76  0.419455  0.0528558  0  0.23698  -2.46709  0  
1.77  0.421824  0.0427558  0  0.23698  -1.00999  0  
1.78  0.424194  0.0480892  0  0.23698  0.533342  0  
1.79  0.426564  0.0684006  0  0.23698  2.03114  0  
1.8  0.428934  0.101956  0  0.23698  3.35551  0  
1.81  0.431304  0.14589  0  0.23698  4.39338  0  
1.82  0.433673  0.196451  0  0.23698  5.05613  0  
1.83  0.436043  0.249323  0  0.23698  5.28718  0  
1.84  0.438413  0.301213  0  0.23698  5.18908  0  
1.85  0.440783  0.352123  0  0.23698  5.09098  0  
1.86  0.443153  0.402052  0  0.23698  4.99288  0  
1.87  0.445522  0.451  0  0.23698  4.89478  0  
1.88  0.447892  0.498966  0  0.23698  4.79668  0  
1.89  0.450262  0.545952  0  0.23698  4.69858  0  
1.9  0.452632  0.591957  0  0.23698  4.60048  0  
1.91  0.455002  0.636981  0  0.23698  4.50238  0  
1.92  0.457371  0.681023  0  0.23698  4.40428  0  
1.93  0.459741  0.724085  0  0.23698  4.30618  0  
1.94  0.462111  0.766166  0  0.23698  4.20808  0  
1.95  0.464481  0.807266  0  0.23698  4.10998  0  
1.96  0.466851  0.847384  0  0.23698  4.01188  0  
1.97  0.46922  0.886522  0  0.23698  3.91378  0  
1.98  0.47159  0.924679  0  0.23698  3.81568  0  
1.99  0.47396  0.961855  0  0.23698  3.71758  0  
2  0.47633  0.998049  0  0.23698  3.61948  0  
2.01  0.4787  1.03326  0  0.23698  3.52138  0  
2.02  0.481069  1.0675  0  0.23698  3.42328  0  
2.03  0.483439  1.10075  0  0.23698  3.32518  0  
2.04  0.485809  1.13302  0  0.23698  3.22708  0  
2.05  0.488179  1.16431  0  0.23698  3.12898  0  
2.06  0.490549  1.19462  0  0.23698  3.03088  0  
2.07  0.492918  1.22394  0  0.23698  2.93278  0  
2.08  0.495288  1.25229  0  0.23698  2.83468  0  
2.09  0.497658  1.27966  0  0.23698  2.73658  0  
2.1  0.500028  1.30604  0  0.23698  2.63848  0  
2.11  0.502398  1.33145  0  0.23698  2.54038  0  
2.12  0.504767  1.35587  0  0.23698  2.44228  0  
2.13  0.507137  1.37931  0  0.23698  2.34418  0  
2.14  0.509507  1.40177  0  0.23698  2.24608  0  
2.15  0.511877  1.42325  0  0.23698  2.14798  0  
2.16  0.514247  1.44375  0  0.23698  2.04988  0  
2.17  0.516616  1.46327  0  0.23698  1.95178  0  
2.18  0.518986  1.4818  0  0.23698  1.85368  0  
2.19  0.521356  1.49936  0  0.23698  1.75558  0  
2.2  0.523726  1.51593  0  0.23698  1.65748  0  
2.21  0.526096  1.53153  0  0.23698  1.55938  0  
2.22  0.528465  1.54614  0  0.23698  1.46128  0  
2.23  0.530835  1.55977  0  0.23698  1.36318  0  
2.24  0.533205  1.57242  0  0.23698  1.26508  0  
2.25  0.535575  1.58409  0  0.23698  1.16698  0  
2.26  0.537945  1.59478  0  0.23698  1.06888  0  
2.27  0.540314  1.60449  0  0.23698  0.970775  0  
2.28  0.542684  1.61322  0  0.23698  0.872675  0  
2.29  0.545054  1.62096  0  0.23698  0.774575  0  
2.3  0.547424  1.62773  0  0.23698  0.676475  0  
2.31  0.549794  1.63351  0  0.23698  0.578375  0  
2.32  0.552163  1.63831  0  0.23698  0.480275  0  
2.33  0.554533  1.64214  0  0.23698  0.382175  0  
2.34  0.556903  1.64498  0  0.23698  0.284075  0  
2.35  0.559273  1.64684  0  0.23698  0.185975  0  
2.36  0.561643  1.64771  0  0.23698  0.0878753  0  
2.37  0.564012  1.64761  0  0.23698  -0.0102247  0  
2.38  0.566382  1.64653  0  0.23698  -0.108325  0  
2.39  0.568752  1.64446  0  0.23698  -0.206425  0  
2.4  0.571122  1.64142  0  0.23698  -0.304525  0  
2.41  0.573492  1.63739  0  0.23698  -0.402625  0  
2.42  0.575861  1.63239  0  0.23698  -0.500725  0  
2.43  0.578231  1.6264  0  0.23698  -0.598825  0  
2.44  0.580601  1.61943  0  0.23698  -0.696925  0  
2.45  0.582971  1.61148  0  0.23698  -0.795025  0  
2.46  0.585341  1.60255  0  0.23698  -0.893125  0  
2.47  0.58771  1.59263  0  0.23698  -0.991225  0  
2.48  0.59008  1.58174  0  0.23698  -1.08932  0  
2.49  0.59245  1.56987  0  0.23698  -1.18742  0  
2.5  0.59482  1.55701  0  0.23698  -1.28552  0  
2.51  0.59719  1.54318  0  0.23698  -1.38362  0  
2.52  0.599559  1.52836  0  0.23698  -1.48172  0  
2.53  0.601929  1.51256  0  0.23698  -1.57982  0  
2.54  0.604299  1.49578  0  0.23698  -1.67792  0  
2.55  0.606669  1.47802  0  0.23698  -1.77602  0  
2.56  0.609039  1.45928  0  0.23698  -1.87412  0  
2.57  0.611408  1.43956  0  0.23698  -1.97222  0  
2.58  0.613778  1.41885  0  0.23698  -2.07032  0  
2.59  0.616148  1.39717  0  0.23698  -2.16842  0  
2.6  0.618518  1.3745  0  0.23698  -2.26652  0  
2.61  0.620888  1.35086  0  0.23698  -2.36462  0  
2.62  0.623257  1.32623  0  0.23698  -2.46272  0  
2.63  0.625627  1.30062  0  0.23698  -2.56082  0  
2.64  0.627997  1.27403  0  0.23698  -2.65892  0  
2.65  0.630367  1.24646  0  0.23698  -2.75702  0  
2.66  0.632737  1.21791  0  0.23698  -2.85512  0  
2.67  0.635106  1.18838  0  0.23698  -2.95322  0  
2.68  0.637476  1.15787  0  0.23698  -3.05132  0  
2.69  0.639846  1.12637  0  0.23698  -3.14942  0  
2.7  0.642216  1.0939  0  0.23698  -3.24752  0  
2.71  0.644586  1.06044  0  0.23698  -3.34562  0  
2.72  0.646955  1.026  0  0.23698  -3.44372  0  
2.73  0.649325  0.990585  0  0.23698  -3.54182  0  
2.74  0.651695  0.954186  0  0.23698  -3.63992  0  
2.75  0.654065  0.916806  0  0.23698  -3.73802  0  
2.76  0.656435  0.878445  0  0.23698  -3.83612  0  
2.77  0.658804  0.839102  0  0.23698  -3.93422  0  
2.78  0.661174  0.798779  0  0.23698  -4.03232  0  
2.79  0.663544  0.757475  0  0.23698  -4.13042  0  
2.8  0.665914  0.71519  0  0.23698  -4.22852  0  
2.81  0.668284  0.671923  0  0.23698  -4.32662  0  
2.82  0.670653  0.627676  0  0.23698  -4.42472  0  
2.83  0.673023  0.582448  0  0.23698  -4.52282  0  
2.84  0.675393  0.536239  0  0.23698  -4.62092  0  
2.85  0.677763  0.489048  0  0.23698  -4.71902  0  
2.86  0.680133  0.440877  0  0.23698  -4.81712  0  
2.87  0.682502  0.391725  0  0.23698  -4.91522  0  
2.88  0.684872  0.341592  0  0.23698  -5.01332  0  
2.89  0.687242  0.290477  0  0.23698  -5.11142  0  
2.9  0.689612  0.238382  0  0.23698  -5.20952  0  
2.91  0.691982  0.185306  0  0.23698  -5.30762  0  
2.92  0.694351  0.135492  0  0.23698  -4.98142  0  
2.93  0.696721  0.0931928  0  0.23698  -4.22989  0  
2.94  0.699091  0.0620208  0  0.23698  -3.1172  0  
2.95  0.701461  0.0446372  0  0.23698  -1.73836  0  
2.96  0.703831  0.0425264  0  0.23698  -0.211084  0  
2.97  0.7062  0.0558685  0  0.23698  1.33421  0  
2.98  0.70857  0.0835243  0  0.23698  2.76559  0  
2.99  0.71094  0.123133  0  0.23698  3.96083  0  
3  0.71331  0.171311  0  0.23698  4.81788  0  
3.01  0.71568  0.223947  0  0.23698  5.26358  0  
3.02  0.718049  0.276546  0  0.23698  5.25985  0  
3.03  0.720419  0.328163  0  0.23698  5.16175  0  
3.04  0.722789  0.3788  0  0.23698  5.06365  0  
3.05  0.725159  0.428455  0  0.23698  4.96555  0  
3.06  0.727529  0.47713  0  0.23698  4.86745  0  
3.07  0.729898  0.524823  0  0.23698  4.76935  0  
3.08  0.732268  0.571536  0  0.23698  4.67125  0  
3.09  0.734638  0.617267  0  0.23698  4.57315  0  
3.1  0.737008  0.662017  0  0.23698  4.47505  0  
3.11  0.739378  0.705787  0  0.23698  4.37695  0  
3.12  0.741747  0.748575  0  0.23698  4.27885  0  
3.13  0.744117  0.790383  0  0.23698  4.18075  0  
3.14  0.746487  0.831209  0  0.23698  4.08265  0  
3.15  0.748857  0.871055  0  0.23698  3.98455  0  
3.16  0.751227  0.909919  0  0.23698  3.88645  0  
3.17  0.753596  0.947803  0  0.23698  3.78835  0  
3.18  0.755966  0.984705  0  0.23698  3.69025  0  
3.19  0.758336  1.02063  0  0.23698  3.59215  0  
3.2  0.760706  1.05557  0  0.23698  3.49405  0  
3.21  0.763076  1.08953  0  0.23698  3.39595  0  
3.22  0.765445  1.12251  0  0.23698  3.29785  0  
3.23  0.767815  1.1545  0  0.23698  3.19975  0  
3.24  0.770185  1.18552  0  0.23698  3.10165  0  
3.25  0.772555  1.21555  0  0.23698  3.00355  0  
3.26  0.774925  1.24461  0  0.23698  2.90545  0  
3.27  0.777294  1.27268  0  0.23698  2.80735  0  
3.28  0.779664  1.29977  0  0.23698  2.70925  0  
3.29  0.782034  1.32589  0  0.23698  2.61115  0  
3.3  0.784404  1.35102  0  0.23698  2.51305  0  
3.31  0.786774  1.37517  0  0.23698  2.41495  0  
3.32  0.789143  1.39833  0  0.23698  2.31685  0  
3.33  0.791513  1.42052  0  0.23698  2.21875  0  
3.34  0.793883  1.44173  0  0.23698  2.12065  0  
3.35  0.796253  1.46195  0  0.23698  2.02255  0  
3.36  0.798623  1.4812  0  0.23698  1.92445  0  
3.37  0.800992  1.49946  0  0.23698  1.82635  0  
3.38  0.803362  1.51674  0  0.23698  1.72825  0  
3.39  0.805732  1.53305  0  0.23698  1.63015  0  
3.4  0.808102  1.54837  0  0.23698  1.53205  0  
3.41  0.810472  1.56271  0  0.23698  1.43395  0  
3.42  0.812841  1.57606  0  0.23698  1.33585  0  
3.43  0.815211  1.58844  0  0.23698  1.23775  0  
3.44  0.817581  1.59984  0  0.23698  1.13965  0  
3.45  0.819951  1.61025  0  0.23698  1.04155  0  
3.46  0.822321  1.61969  0  0.23698  0.943447  0  
3.47  0.82469  1.62814  0  0.23698  0.845347  0  
3.48  0.82706  1.63561  0  0.23698  0.747247  0  
3.49  0.82943  1.64211  0  0.23698  0.649147  0  
3.5  0.8318  1.64762  0  0.23698  0.551047  0  
3.51  0.83417  1.65215  0  0.23698  0.452947  0  
3.52  0.836539  1.65569  0  0.23698  0.354847  0  
3.53  0.838909  1.65826  0  0.23698  0.256747  0  
3.54  0.841279  1.65985  0  0.23698  0.158647  0  
3.55  0.843649  1.66045  0  0.23698  0.0605471  0  
3.56  0.846019  1.66008  0  0.23698  -0.0375529  0  
3.57  0.848388  1.65872  0  0.23698  -0.135653  0  
3.58  0.850758  1.65638  0  0.23698  -0.233753  0  
3.59  0.853128  1.65307  0  0.23698  -0.331853  0  
3.6  0.855498  1.64877  0  0.23698  -0.429953  0  
3.61  0.857868  1.64349  0  0.23698  -0.528053  0  
3.62  0.860237  1.63722  0  0.23698  -0.626153  0  
3.63  0.862607  1.62998  0  0.23698  -0.724253  0  
3.64  0.864977  1.62176  0  0.23698  -0.822353  0  
3.65  0.867347  1.61255  0  0.23698  -0.920453  0  
3.66  0.869717  1.60237  0  0.23698  -1.01855  0  
3.67  0.872086  1.5912  0  0.23698  -1.11665  0  
3.68  0.874456  1.57905  0  0.23698  -1.21475  0  
3.69  0.876826  1.56593  0  0.23698  -1.31285  0  
3.7  0.879196  1.55182  0  0.23698  -1.41095  0  
3.71  0.881566  1.53673  0  0.23698  -1.50905  0  
3.72  0.883935  1.52065  0  0.23698  -1.60715  0  
3.73  0.886305  1.5036  0  0.23698  -1.70525  0  
3.74  0.888675  1.48557  0  0.23698  -1.80335  0  
3.75  0.891045  1.46655  0  0.23698  -1.90145  0  
3.76  0.893415  1.44656  0  0.23698  -1.99955  0  
3.77  0.895784  1.42558  0  0.23698  -2.09765  0  
3.78  0.898154  1.40362  0  0.23698  -2.19575  0  
3.79  0.900524  1.38069  0  0.23698  -2.29385  0  
3.8  0.902894  1.35677  0  0.23698  -2.39195  0  
3.81  0.905264  1.33186  0  0.23698  -2.49005  0  
3.82  0.907633  1.30598  0  0.23698  -2.58815  0  
3.83  0.910003  1.27912  0  0.23698  -2.68625  0  
3.84  0.912373  1.25128  0  0.23698  -2.78435  0  
3.85  0.914743  1.22245  0  0.23698  -2.88245  0  
3.86  0.917113  1.19265  0  0.23698  -2.98055  0  
3.87  0.919482  1.16186  0  0.23698  -3.07865  0  
3.88  0.921852  1.13009  0  0.23698  -3.17675  0  
3.89  0.924222  1.09734  0  0.23698  -3.27485  0  
3.9  0.926592  1.06362  0  0.23698  -3.37295  0  
3.91  0.928962  1.0289  0  0.23698  -3.47105  0  
3.92  0.931331  0.993213  0  0.23698  -3.56915  0  
3.93  0.933701  0.956541  0  0.23698  -3.66725  0  
3.94  0.936071  0.918887  0  0.23698  -3.76535  0  
3.95  0.938441  0.880253  0  0.23698  -3.86345  0  
3.96  0.940811  0.840637  0  0.23698  -3.96155  0  
3.97  0.94318  0.80004  0  0.23698  -4.05965  0  
3.98  0.94555  0.758463  0  0.23698  -4.15775  0  
3.99  0.94792  0.715904  0  0.23698  -4.25585  0  
4  0.95029  0.672365  0  0.23698  -4.35395  0  
4.01  0.95266  0.627844  0  0.23698  -4.45205  0  
4.02  0.955029  0.582343  0  0.23698  -4.55015  0  
4.03  0.957399  0.53586  0  0.23698  -4.64825  0  
4.04  0.959769  0.488397  0  0.23698  -4.74635  0  
4.05  0.962139  0.439952  0  0.23698  -4.84445  0  
4.06  0.964509  0.390527  0  0.23698  -4.94255  0  
4.07  0.966878  0.34012  0  0.23698  -5.04065  0  
4.08  0.969248  0.288733  0  0.23698  -5.13875  0  
4.09  0.971618  0.236364  0  0.23698  -5.23685  0  
4.1  0.973988  0.183015  0  0.23698  -5.33495  0  
4.11  0.976358  0.133123  0  0.23698  -4.98919  0  
4.12  0.978727  0.0909485  0  0.23698  -4.21743  0  
4.13  0.981097  0.0600927  0  0.23698  -3.08558  0  
4.14  0.983467  0.04319  0  0.23698  -1.69027  0  
4.15  0.985837  0.0416836  0  0.23698  -0.15064  0  
4.16  0.988207  0.0557021  0  0.23698  1.40185  0  
4.17  0.990576  0.0840486  0  0.23698  2.83465  0  
4.18  0.992946  0.124303  0  0.23698  4.02541  0  
4.19  0.995316  0.173028  0  0.23698  4.87248  0  
4.2  0.997686  0.226063  0  0.23698  5.30352  0  
4.21  1.00006  0.27888  0  0.23698  5.28173  0  
4.22  1.00243  0.330716  0  0.23698  5.18363  0  
4.23  1.0048  0.381571  0  0.23698  5.08553  0  
4.24  1.00716  0.431446  0  0.23698  4.98743  0  
4.25  1.00953  0.480339  0  0.23698  4.88933  0  
4.26  1.0119  0.528251  0  0.23698  4.79123  0  
4.27  1.01427  0.575183  0  0.23698  4.69313  0  
4.28  1.01664  0.621133  0  0.23698  4.59503  0  
4.29  1.01901  0.666102  0  0.23698  4.49693  0  
4.3  1.02138  0.71009  0  0.23698  4.39883  0  
4.31  1.02375  0.753098  0  0.23698  4.30073  0  
4.32  1.02612  0.795124  0  0.23698  4.20263  0  
4.33  1.02849  0.836169  0  0.23698  4.10453  0  
4.34  1.03086  0.876233  0  0.23698  4.00643  0  
4.35  1.03323  0.915317  0  0.23698  3.90833  0  
4.36  1.0356  0.953419  0  0.23698  3.81023  0  
4.37  1.03797  0.99054  0  0.23698  3.71213  0  
4.38  1.04034  1.02668  0  0.23698  3.61403  0  
4.39  1.04271  1.06184  0  0.23698  3.51593  0  
4.4  1.04508  1.09602  0  0.23698  3.41783  0  
4.41  1.04745  1.12922  0  0.23698  3.31973  0  
4.42  1.04982  1.16143  0  0.23698  3.22163  0  
4.43  1.05219  1.19267  0  0.23698  3.12353  0  
4.44  1.05456  1.22292  0  0.23698  3.02543  0  
4.45  1.05693  1.25219  0  0.23698  2.92733  0  
4.46  1.0593  1.28049  0  0.23698  2.82923  0  
4.47  1.06167  1.3078  0  0.23698  2.73113  0  
4.48  1.06404  1.33413  0  0.23698  2.63303  0  
4.49  1.06641  1.35948  0  0.23698  2.53493  0  
4.5  1.06878  1.38385  0  0.23698  2.43683  0  
4.51  1.07115  1.40723  0  0.23698  2.33873  0  
4.52  1.07352  1.42964  0  0.23698  2.24063  0  
4.53  1.07589  1.45106  0  0.23698  2.14253  0  
4.54  1.07826  1.47151  0  0.23698  2.04443  0  
4.55  1.08063  1.49097  0  0.23698  1.94633  0  
4.56  1.083  1.50945  0  0.23698  1.84823  0  
4.57  1.08537  1.52696  0  0.23698  1.75013  0  
4.58  1.08774  1.54348  0  0.23698  1.65203  0  
4.59  1.09011  1.55902  0  0.23698  1.55393  0  
4.6  1.09248  1.57357  0  0.23698  1.45583  0  
4.61  1.09485  1.58715  0  0.23698  1.35773  0  
4.62  1.09722  1.59975  0  0.23698  1.25963  0  
4.63  1.09959  1.61136  0  0.23698  1.16153  0  
4.64  1.10196  1.622  0  0.23698  1.06343  0  
4.65  1.10433  1.63165  0  0.23698  0.965327  0  
4.66  1.1067  1.64032  0  0.23698  0.867227  0  
4.67  1.10907  1.64801  0  0.23698  0.769127  0  
4.68  1.11144  1.65472  0  0.23698  0.671027  0  
4.69  1.11381  1.66045  0  0.23698  0.572927  0  
4.7  1.11618  1.6652  0  0.23698  0.474827  0  
4.71  1.11855  1.66897  0  0.23698  0.376727  0  
4.72  1.12092  1.67175  0  0.23698  0.278627  0  
4.73  1.12329  1.67356  0  0.23698  0.180527  0  
4.74  1.12565  1.67438  0  0.23698  0.0824266  0  
4.75  1.12802  1.67423  0  0.23698  -0.0156734  0  
4.76  1.13039  1.67309  0  0.23698  -0.113773  0  
4.77  1.13276  1.67097  0  0.23698  -0.211873  0  
4.78  1.13513  1.66787  0  0.23698  -0.309973  0  
4.79  1.1375  1.66379  0  0.23698  -0.408073  0  
4.8  1.13987  1.65873  0  0.23698  -0.506173  0  
4.81  1.14224  1.65269  0  0.23698  -0.604273  0  
4.82  1.14461  1.64566  0  0.23698  -0.702373  0  
4.83  1.14698  1.63766  0  0.23698  -0.800473  0  
4.84  1.14935  1.62867  0  0.23698  -0.898573  0  
4.85  1.15172  1.6187  0  0.23698  -0.996673  0  
4.86  1.15409  1.60776  0  0.23698  -1.09477  0  
4.87  1.15646  1.59583  0  0.23698  -1.19287  0  
4.88  1.15883  1.58292  0  0.23698  -1.29097  0  
4.89  1.1612  1.56903  0  0.23698  -1.38907  0  
4.9  1.16357  1.55416  0  0.23698  -1.48717  0  
4.91  1.16594  1.5383  0  0.23698  -1.58527  0  
4.92  1.16831  1.52147  0  0.23698  -1.68337  0  
4.93  1.17068  1.50366  0  0.23698  -1.78147  0  
4.94  1.17305  1.48486  0  0.23698  -1.87957  0  
4.95  1.17542  1.46508  0  0.23698  -1.97767  0  
4.96  1.17779  1.44432  0  0.23698  -2.07577  0  
4.97  1.18016  1.42259  0  0.23698  -2.17387  0  
4.98  1.18253  1.39987  0  0.23698  -2.27197  0  
4.99  1.1849  1.37617  0  0.23698  -2.37007  0  
5  1.18727  1.35148  0  0.23698  -2.46817  0  
5.01  1.18964  1.32582  0  0.23698  -2.56627  0  
5.02  1.19201  1.29918  0  0.23698  -2.66437  0  
5.03  1.19438  1.27155  0  0.23698  -2.76247  0  
5.04  1.19675  1.24295  0  0.23698  -2.86057  0  
5.05  1.19912  1.21336  0  0.23698  -2.95867  0  
5.06  1.20149  1.18279  0  0.23698  -3.05677  0  
5.07  1.20386  1.15124  0  0.23698  -3.15487  0  
5.08  1.20623  1.11871  0  0.23698  -3.25297  0  
5.09  1.2086  1.0852  0  0.23698  -3.35107  0  
5.1  1.21097  1.05071  0  0.23698  -3.44917  0  
5.11  1.21334  1.01524  0  0.23698  -3.54727  0  
5.12  1.21571  0.978785  0  0.23698  -3.64537  0  
5.13  1.21808  0.94135  0  0.23698  -3.74347  0  
5.14  1.22045  0.902935  0  0.23698  -3.84157  0  
5.15  1.22282  0.863538  0  0.23698  -3.93967  0  
5.16  1.22519  0.82316  0  0.23698  -4.03777  0  
5.17  1.22756  0.781801  0  0.23698  -4.13587  0  
5.18  1.22993  0.739462  0  0.23698  -4.23397  0  
5.19  1.2323  0.696141  0  0.23698  -4.33207  0  
5.2  1.23467  0.651839  0  0.23698  -4.43017  0  
5.21  1.23704  0.606557  0  0.23698  -4.52827  0  
5.22  1.23941  0.560293  0  0.23698  -4.62637  0  
5.23  1.24178  0.513048  0  0.23698  -4.72447  0  
5.24  1.24415  0.464822  0  0.23698  -4.82257  0  
5.25  1.24651  0.415616  0  0.23698  -4.92067  0  
5.26  1.24888  0.365428  0  0.23698  -5.01877  0  
5.27  1.25125  0.314259  0  0.23698  -5.11687  0  
5.28  1.25362  0.262109  0  0.23698  -5.21497  0  
5.29  1.25599  0.208979  0  0.23698  -5.31307  0  
5.3  1.25836  0.157089  0  0.23698  -5.189  0  
5.31  1.26073  0.11087  0  0.23698  -4.62187  0  
5.32  1.2631  0.0742689  0  0.23698  -3.66011  0  
5.33  1.26547  0.0504105  0  0.23698  -2.38584  0  
5.34  1.26784  0.0413319  0  0.23698  -0.907864  0  
5.35  1.27021  0.0478082  0  0.23698  0.64763  0  
5.36  1.27258  0.0692864  0  0.23698  2.14783  0  
5.37  1.27495  0.103933  0  0.23698  3.46464  0  
5.38  1.27732  0.148789  0  0.23698  4.48563  0  
5.39  1.27969  0.200025  0  0.23698  5.12362  0  
5.4  1.28206  0.253267  0  0.23698  5.32414  0  
5.41  1.28443  0.305527  0  0.23698  5.22604  0  
5.42  1.2868  0.356807  0  0.23698  5.12794  0  
5.43  1.28917  0.407105  0  0.23698  5.02984  0  
5.44  1.29154  0.456422  0  0.23698  4.93174  0  
5.45  1.29391  0.504759  0  0.23698  4.83364  0  
5.46  1.29628  0.552114  0  0.23698  4.73554  0  
5.47  1.29865  0.598489  0  0.23698  4.63744  0  
5.48  1.30102  0.643882  0  0.23698  4.53934  0  
5.49  1.30339  0.688295  0  0.23698  4.44124  0  
5.5  1.30576  0.731726  0  0.23698  4.34314  0  
5.51  1.30813  0.774177  0  0.23698  4.24504  0  
5.52  1.3105  0.815646  0  0.23698  4.14694  0  
5.53  1.31287  0.856134  0  0.23698  4.04884  0  
5.54  1.31524  0.895642  0  0.23698  3.95074  0  
5.55  1.31761  0.934168  0  0.23698  3.85264  0  
5.56  1.31998  0.971714  0  0.23698  3.75454  0  
5.57  1.32235  1.00828  0  0.23698  3.65644  0  
5.58  1.32472  1.04386  0  0.23698  3.55834  0  
5.59  1.32709  1.07846  0  0.23698  3.46024  0  
5.6  1.32946  1.11209  0  0.23698  3.36214  0  
5.61  1.33183  1.14473  0  0.23698  3.26404  0  
5.62  1.3342  1.17639  0  0.23698  3.16594  0  
5.63  1.33657  1.20706  0  0.23698  3.06784  0  
5.64  1.33894  1.23676  0  0.23698  2.96974  0  
5.65  1.34131  1.26548  0  0.23698  2.87164  0  
5.66  1.34368  1.29321  0  0.23698  2.77354  0  
5.67  1.34605  1.31997  0  0.23698  2.67544  0  
5.68  1.34842  1.34574  0  0.23698  2.57734  0  
5.69  1.35079  1.37053  0  0.23698  2.47924  0  
5.7  1.35316  1.39434  0  0.23698  2.38114  0  
5.71  1.35553  1.41718  0  0.23698  2.28304  0  
5.72  1.3579  1.43902  0  0.23698  2.18494  0  
5.73  1.36027  1.45989  0  0.23698  2.08684  0  
5.74  1.36264  1.47978  0  0.23698  1.98874  0  
5.75  1.365  1.49869  0  0.23698  1.89064  0  
5.76  1.36737  1.51661  0  0.23698  1.79254  0  
5.77  1.36974  1.53356  0  0.23698  1.69444  0  
5.78  1.37211  1.54952  0  0.23698  1.59634  0  
5.79  1.37448  1.5645  0  0.23698  1.49824  0  
5.8  1.37685  1.5785  0  0.23698  1.40014  0  
5.81  1.37922  1.59152  0  0.23698  1.30204  0  
5.82  1.38159  1.60356  0  0.23698  1.20394  0  
5.83  1.38396  1.61462  0  0.23698  1.10584  0  
5.84  1.38633  1.6247  0  0.23698  1.00774  0  
5.85  1.3887  1.6338  0  0.23698  0.909644  0  
5.86  1.39107  1.64191  0  0.23698  0.811544  0  
5.87  1.39344  1.64905  0  0.23698  0.713444  0  
5.88  1.39581  1.6552  0  0.23698  0.615344  0  
5.89  1.39818  1.66037  0  0.23698  0.517244  0  
5.9  1.40055  1.66456  0  0.23698  0.419144  0  
5.91  1.40292  1.66777  0  0.23698  0.321044  0  
5.92  1.40529  1.67  0  0.23698  0.222944  0  
5.93  1.40766  1.67125  0  0.23698  0.124844  0  
5.94  1.41003  1.67152  0  0.23698  0.0267437  0  
5.95  1.4124  1.67081  0  0.23698  -0.0713563  0  
5.96  1.41477  1.66911  0  0.23698  -0.169456  0  
5.97  1.41714  1.66644  0  0.23698  -0.267556  0  
5.98  1.41951  1.66278  0  0.23698  -0.365656  0  
5.99  1.42188  1.65814  0  0.23698  -0.463756  0  
6  1.42425  1.65252  0  0.23698  -0.561856  0  
6.01  1.42662  1.64592  0  0.23698  -0.659956  0  
6.02  1.42899  1.63834  0  0.23698  -0.758056  0  
6.03  1.43136  1.62978  0  0.23698  -0.856156  0  
6.04  1.43373  1.62024  0  0.23698  -0.954256  0  
6.05  1.4361  1.60972  0  0.23698  -1.05236  0  
6.06  1.43847  1.59821  0  0.23698  -1.15046  0  
6.07  1.44084  1.58573  0  0.23698  -1.24856  0  
6.08  1.44321  1.57226  0  0.23698  -1.34666  0  
6.09  1.44558  1.55781  0  0.23698  -1.44476  0  
6.1  1.44795  1.54238  0  0.23698  -1.54286  0  
6.11  1.45032  1.52597  0  0.23698  -1.64096  0  
6.12  1.45269  1.50858  0  0.23698  -1.73906  0  
6.13  1.45506  1.49021  0  0.23698  -1.83716  0  
6.14  1.45743  1.47086  0  0.23698  -1.93526  0  
6.15  1.4598  1.45052  0  0.23698  -2.03336  0  
6.16  1.46217  1.42921  0  0.23698  -2.13146  0  
6.17  1.46454  1.40691  0  0.23698  -2.22956  0  
6.18  1.46691  1.38364  0  0.23698  -2.32766  0  
6.19  1.46928  1.35938  0  0.23698  -2.42576  0  
6.2  1.47165  1.33414  0  0.23698  -2.52386  0  
6.21  1.47402  1.30792  0  0.23698  -2.62196  0  
6.22  1.47639  1.28072  0  0.23698  -2.72006  0  
6.23  1.47876  1.25254  0  0.23698  -2.81816  0  
6.24  1.48113  1.22338  0  0.23698  -2.91626  0  
6.25  1.48349  1.19323  0  0.23698  -3.01436  0  
6.26  1.48586  1.16211  0  0.23698  -3.11246  0  
6.27  1.48823  1.13  0  0.23698  -3.21056  0  
6.28  1.4906  1.09692  0  0.23698  -3.30866  0  
6.29  1.49297  1.06285  0  0.23698  -3.40676  0  
6.3  1.49534  1.0278  0  0.23698  -3.50486  0  
6.31  1.49771  0.991772  0  0.23698  -3.60296  0  
6.32  1.50008  0.954761  0  0.23698  -3.70106  0  
6.33  1.50245  0.916769  0  0.23698  -3.79916  0  
6.34  1.50482  0.877797  0  0.23698  -3.89726  0  
6.35  1.50719  0.837843  0  0.23698  -3.99536  0  
6.36  1.50956  0.796909  0  0.23698  -4.09346  0  
6.37  1.51193  0.754993  0  0.23698  -4.19156  0  
6.38  1.5143  0.712097  0  0.23698  -4.28966  0  
6.39  1.51667  0.668219  0  0.23698  -4.38776  0  
6.4  1.51904  0.62336  0  0.23698  -4.48586  0  
6.41  1.52141  0.577521  0  0.23698  -4.58396  0  
6.42  1.52378  0.5307  0  0.23698  -4.68206  0  
6.43  1.52615  0.482899  0  0.23698  -4.78016  0  
6.44  1.52852  0.434116  0  0.23698  -4.87826  0  
6.45  1.53089  0.384353  0  0.23698  -4.97636  0  
6.46  1.53326  0.333608  0  0.23698  -5.07446  0  
6.47  1.53563  0.281882  0  0.23698  -5.17256  0  
6.48  1.538  0.229176  0  0.23698  -5.27066  0  
6.49  1.54037  0.175986  0  0.23698  -5.31903  0  
6.5  1.54274  0.126853  0  0.23698  -4.91325  0  
6.51  1.54511  0.0859736  0  0.23698  -4.08796  0  
6.52  1.54748  0.0568373  0  0.23698  -2.91363  0  
6.53  1.54985  0.041932  0  0.23698  -1.49052  0  
6.54  1.55222  0.0425305  0  0.23698  0.0598445  0  
6.55  1.55459  0.0585815  0  0.23698  1.6051  0  
6.56  1.55696  0.0887147  0  0.23698  3.01332  0  
6.57  1.55933  0.130357  0  0.23698  4.16424  0  
6.58  1.5617  0.179953  0  0.23698  4.95961  0  
6.59  1.56407  0.233268  0  0.23698  5.33152  0  
6.6  1.56644  0.28575  0  0.23698  5.2482  0  
6.61  1.56881  0.337251  0  0.23698  5.1501  0  
6.62  1.57118  0.387771  0  0.23698  5.052  0  
6.63  1.57355  0.43731  0  0.23698  4.9539  0  
6.64  1.57592  0.485868  0  0.23698  4.8558  0  
6.65  1.57829  0.533446  0  0.23698  4.7577  0  
6.66  1.58066  0.580042  0  0.23698  4.6596  0  
6.67  1.58303  0.625657  0  0.23698  4.5615  0  
6.68  1.5854  0.670291  0  0.23698  4.4634  0  
6.69  1.58777  0.713944  0  0.23698  4.3653  0  
6.7  1.59014  0.756616  0  0.23698  4.2672  0  
6.71  1.59251  0.798307  0  0.23698  4.1691  0  
6.72  1.59488  0.839017  0  0.23698  4.071  0  
6.73  1.59725  0.878746  0  0.23698  3.9729  0  
6.74  1.59962  0.917494  0  0.23698  3.8748  0  
6.75  1.60198  0.955261  0  0.23698  3.7767  0  
6.76  1.60435  0.992047  0  0.23698  3.6786  0  
6.77  1.60672  1.02785  0  0.23698  3.5805  0  
6.78  1.60909  1.06268  0  0.23698  3.4824  0  
6.79  1.61146  1.09652  0  0.23698  3.3843  0  
6.8  1.61383  1.12938  0  0.23698  3.2862  0  
6.81  1.6162  1.16126  0  0.23698  3.1881  0  
6.82  1.61857  1.19216  0  0.23698  3.09  0  
6.83  1.62094  1.22208  0  0.23698  2.9919  0  
6.84  1.62331  1.25102  0  0.23698  2.8938  0  
6.85  1.62568  1.27898  0  0.23698  2.7957  0  
6.86  1.62805  1.30595  0  0.23698  2.6976  0  
6.87  1.63042  1.33195  0  0.23698  2.5995  0  
6.88  1.63279  1.35696  0  0.23698  2.5014  0  
6.89  1.63516  1.38099  0  0.23698  2.4033  0  
6.9  1.63753  1.40405  0  0.23698  2.3052  0  
6.91  1.6399  1.42612  0  0.23698  2.2071  0  
6.92  1.64227  1.44721  0  0.23698  2.109  0  
6.93  1.64464  1.46732  0  0.23698  2.0109  0  
6.94  1.64701  1.48644  0  0.23698  1.9128  0  
6.95  1.64938  1.50459  0  0.23698  1.8147  0  
6.96  1.65175  1.52176  0  0.23698  1.7166  0  
6.97  1.65412  1.53794  0  0.23698  1.6185  0  
6.98  1.65649  1.55315  0  0.23698  1.5204  0  
6.99  1.65886  1.56737  0  0.23698  1.4223  0  
7  1.66123  1.58061  0  0.23698  1.3242  0  
7.01  1.6636  1.59287  0  0.23698  1.2261  0  
7.02  1.66597  1.60415  0  0.23698  1.128  0  
7.03  1.66834  1.61445  0  0.23698  1.0299  0  
7.04  1.67071  1.62377  0  0.23698  0.931802  0  
7.05  1.67308  1.63211  0  0.23698  0.833702  0  
7.06  1.67545  1.63946  0  0.23698  0.735602  0  
7.07  1.67782  1.64584  0  0.23698  0.637502  0  
7.08  1.68019  1.65123  0  0.23698  0.539402  0  
7.09  1.68256  1.65564  0  0.23698  0.441302  0  
7.1  1.68493  1.65908  0  0.23698  0.343202  0  
7.11  1.6873  1.66153  0  0.23698  0.245102  0  
7.12  1.68967  1.663  0  0.23698  0.147002  0  
7.13  1.69204  1.66349  0  0.23698  0.0489021  0  
7.14  1.69441  1.66299  0  0.23698  -0.0491979  0  
7.15  1.69678  1.66152  0  0.23698  -0.147298  0  
7.16  1.69915  1.65907  0  0.23698  -0.245398  0  
7.17  1.70152  1.65563  0  0.23698  -0.343498  0  
7.18  1.70389  1.65122  0  0.23698  -0.441598  0  
7.19  1.70626  1.64582  0  0.23698  -0.539698  0  
7.2  1.70863  1.63944  0  0.23698  -0.637798  0  
7.21  1.711  1.63208  0  0.23698  -0.735898  0  
7.22  1.71337  1.62374  0  0.23698  -0.833998  0  
7.23  1.71574  1.61442  0  0.23698  -0.932098  0  
7.24  1.71811  1.60412  0  0.23698  -1.0302  0  
7.25  1.72047  1.59284  0  0.23698  -1.1283  0  
7.26  1.72284  1.58057  0  0.23698  -1.2264  0  
7.27  1.72521  1.56733  0  0.23698  -1.3245  0  
7.28  1.72758  1.5531  0  0.23698  -1.4226  0  
7.29  1.72995  1.53789  0  0.23698  -1.5207  0  
7.3  1.73232  1.52171  0  0.23698  -1.6188  0  
7.31  1.73469  1.50454  0  0.23698  -1.7169  0  
7.32  1.73706  1.48639  0  0.23698  -1.815  0  
7.33  1.73943  1.46726  0  0.23698  -1.9131  0  
7.34  1.7418  1.44714  0  0.23698  -2.0112  0  
7.35  1.74417  1.42605  0  0.23698  -2.1093  0  
7.36  1.74654  1.40398  0  0.23698  -2.2074  0  
7.37  1.74891  1.38092  0  0.23698  -2.3055  0  
7.38  1.75128  1.35689  0  0.23698  -2.4036  0  
7.39  1.75365  1.33187  0  0.23698  -2.5017  0  
7.4  1.75602  1.30587  0  0.23698  -2.5998  0  
7.41  1.75839  1.27889  0  0.23698  -2.6979  0  
7.42  1.76076  1.25093  0  0.23698  -2.796  0  
7.43  1.76313  1.22199  0  0.23698  -2.8941  0  
7.44  1.7655  1.19207  0  0.23698  -2.9922  0  
7.45  1.76787  1.16117  0  0.23698  -3.0903  0  
7.46  1.77024  1.12928  0  0.23698  -3.1884  0  
7.47  1.77261  1.09642  0  0.23698  -3.2865  0  
7.48  1.77498  1.06257  0  0.23698  -3.3846  0  
7.49  1.77735  1.02775  0  0.23698  -3.4827  0  
7.5  1.77972  0.991937  0  0.23698  -3.5808  0  
7.51  1.78209  0.955148  0  0.23698  -3.6789  0  
7.52  1.78446  0.917378  0  0.23698  -3.777  0  
7.53  1.78683  0.878627  0  0.23698  -3.8751  0  
7.54  1.7892  0.838895  0  0.23698  -3.9732  0  
7.55  1.79157  0.798182  0  0.23698  -4.0713  0  
7.56  1.79394  0.756488  0  0.23698  -4.1694  0  
7.57  1.79631  0.713813  0  0.23698  -4.2675  0  
7.58  1.79868  0.670158  0  0.23698  -4.3656  0  
7.59  1.80105  0.625521  0  0.23698  -4.4637  0  
7.6  1.80342  0.579903  0  0.23698  -4.5618  0  
7.61  1.80579  0.533304  0  0.23698  -4.6599  0  
7.62  1.80816  0.485724  0  0.23698  -4.758  0  
7.63  1.81053  0.437163  0  0.23698  -4.8561  0  
7.64  1.8129  0.387621  0  0.23698  -4.9542  0  
7.65  1.81527  0.337098  0  0.23698  -5.0523  0  
7.66  1.81764  0.285594  0  0.23698  -5.1504  0  
7.67  1.82001  0.233109  0  0.23698  -5.2485  0  
7.68  1.82238  0.179804  0  0.23698  -5.33045  0  
7.69  1.82475  0.130231  0  0.23698  -4.95727  0  
7.7  1.82712  0.0886232  0  0.23698  -4.16083  0  
7.71  1.82949  0.058532  0  0.23698  -3.00912  0  
7.72  1.83186  0.0425271  0  0.23698  -1.60049  0  
7.73  1.83423  0.0419751  0  0.23698  -0.0551989  0  
7.74  1.8366  0.0569231  0  0.23698  1.4948  0  
7.75  1.83896  0.0860949  0  0.23698  2.91717  0  
7.76  1.84133  0.127  0  0.23698  4.09047  0  
7.77  1.8437  0.176145  0  0.23698  4.91451  0  
7.78  1.84607  0.229334  0  0.23698  5.31893  0  
7.79  1.84844  0.282026  0  0.23698  5.26921  0  
7.8  1.85081  0.333737  0  0.23698  5.17111  0  
7.81  1.85318  0.384467  0  0.23698  5.07301  0  
7.82  1.85555  0.434216  0  0.23698  4.97491  0  
7.83  1.85792  0.482984  0  0.23698  4.87681  0  
7.84  1.86029  0.530771  0  0.23698  4.77871  0  
7.85  1.86266  0.577578  0  0.23698  4.68061  0  
7.86  1.86503  0.623403  0  0.23698  4.58251  0  
7.87  1.8674  0.668247  0  0.23698  4.48441  0  
7.88  1.86977  0.71211  0  0.23698  4.38631  0  
7.89  1.87214  0.754992  0  0.23698  4.28821  0  
7.9  1.87451  0.796893  0  0.23698  4.19011  0  
7.91  1.87688  0.837813  0  0.23698  4.09201  0  
7.92  1.87925  0.877752  0  0.23698  3.99391  0  
7.93  1.88162  0.91671  0  0.23698  3.89581  0  
7.94  1.88399  0.954687  0  0.23698  3.79771  0  
7.95  1.88636  0.991683  0  0.23698  3.69961  0  
7.96  1.88873  1.0277  0  0.23698  3.60151  0  
7.97  1.8911  1.06273  0  0.23698  3.50341  0  
7.98  1.89347  1.09679  0  0.23698  3.40531  0  
7.99  1.89584  1.12986  0  0.23698  3.30721  0  
8  1.89821  1.16195  0  0.23698  3.20911  0  
8.01  1.90058  1.19306  0  0.23698  3.11101  0  
8.02  1.90295  1.22319  0  0.23698  3.01291  0  
8.03  1.90532  1.25234  0  0.23698  2.91481  0  
8.04  1.90769  1.2805  0  0.23698  2.81671  0  
8.05  1.91006  1.30769  0  0.23698  2.71861  0  
8.06  1.91243  1.33389  0  0.23698  2.62051  0  
8.07  1.9148  1.35912  0  0.23698  2.52241  0  
8.08  1.91717  1.38336  0  0.23698  2.42431  0  
8.09  1.91954  1.40662  0  0.23698  2.32621  0  
8.1  1.92191  1.4289  0  0.23698  2.22811  0  
8.11  1.92428  1.4502  0  0.23698  2.13001  0  
8.12  1.92665  1.47052  0  0.23698  2.03191  0  
8.13  1.92902  1.48986  0  0.23698  1.93381  0  
8.14  1.93139  1.50822  0  0.23698  1.83571  0  
8.15  1.93376  1.5256  0  0.23698  1.73761  0  
8.16  1.93613  1.54199  0  0.23698  1.63951  0  
8.17  1.9385  1.5574  0  0.23698  1.54141  0  
8.18  1.94087  1.57184  0  0.23698  1.44331  0  
8.19  1.94324  1.58529  0  0.23698  1.34521  0  
8.2  1.94561  1.59776  0  0.23698  1.24711  0  
8.21  1.94798  1.60925  0  0.23698  1.14901  0  
8.22  1.95035  1.61976  0  0.23698  1.05091  0  
8.23  1.95272  1.62929  0  0.23698  0.952809  0  
8.24  1.95509  1.63784  0  0.23698  0.854709  0  
8.25  1.95745  1.6454  0  0.23698  0.756609  0  
8.26  1.95982  1.65199  0  0.23698  0.658509  0  
8.27  1.96219  1.65759  0  0.23698  0.560409  0  
8.28  1.96456  1.66221  0  0.23698  0.462309  0  
8.29  1.96693  1.66586  0  0.23698  0.364209  0  
8.3  1.9693  1.66852  0  0.23698  0.266109  0  
8.31  1.97167  1.6702  0  0.23698  0.168009  0  
8.32  1.97404  1.6709  0  0.23698  0.0699089  0  
8.33  1.97641  1.67061  0  0.23698  -0.0281911  0  
8.34  1.97878  1.66935  0  0.23698  -0.126291  0  
8.35  1.98115  1.66711  0  0.23698  -0.224391  0  
8.36  1.98352  1.66388  0  0.23698  -0.322491  0  
8.37  1.98589  1.65968  0  0.23698  -0.420591  0  
8.38  1.98826  1.65449  0  0.23698  -0.518691  0  
8.39  1.99063  1.64832  0  0.23698  -0.616791  0  
8.4  1.993  1.64117  0  0.23698  -0.714891  0  
8.41  1.99537  1.63304  0  0.23698  -0.812991  0  
8.42  1.99774  1.62393  0  0.23698  -0.911091  0  
8.43  2.00011  1.61384  0  0.23698  -1.00919  0  
8.44  2.00248  1.60277  0  0.23698  -1.10729  0  
8.45  2.00485  1.59071  0  0.23698  -1.20539  0  
8.46  2.00722  1.57768  0  0.23698  -1.30349  0  
8.47  2.00959  1.56366  0  0.23698  -1.40159  0  
8.48  2.01196  1.54867  0  0.23698  -1.49969  0  
8.49  2.01433  1.53269  0  0.23698  -1.59779  0  
8.5  2.0167  1.51573  0  0.23698  -1.69589  0  
8.51  2.01907  1.49779  0  0.23698  -1.79399  0  
8.52  2.02144  1.47887  0  0.23698  -1.89209  0  
8.53  2.02381  1.45897  0  0.23698  -1.99019  0  
8.54  2.02618  1.43808  0  0.23698  -2.08829  0  
8.55  2.02855  1.41622  0  0.23698  -2.18639  0  
8.56  2.03092  1.39337  0  0.23698  -2.28449  0  
8.57  2.03329  1.36955  0  0.23698  -2.38259  0  
8.58  2.03566  1.34474  0  0.23698  -2.48069  0  
8.59  2.03803  1.31895  0  0.23698  -2.57879  0  
8.6  2.0404  1.29218  0  0.23698  -2.67689  0  
8.61  2.04277  1.26443  0  0.23698  -2.77499  0  
8.62  2.04514  1.2357  0  0.23698  -2.87309  0  
8.63  2.04751  1.20599  0  0.23698  -2.97119  0  
8.64  2.04988  1.1753  0  0.23698  -3.06929  0  
8.65  2.05225  1.14362  0  0.23698  -3.16739  0  
8.66  2.05462  1.11097  0  0.23698  -3.26549  0  
8.67  2.05699  1.07733  0  0.23698  -3.36359  0  
8.68  2.05936  1.04272  0  0.23698  -3.46169  0  
8.69  2.06173  1.00712  0  0.23698  -3.55979  0  
8.7  2.0641  0.97054  0  0.23698  -3.65789  0  
8.71  2.06647  0.93298  0  0.23698  -3.75599  0  
8.72  2.06884  0.894439  0  0.23698  -3.85409  0  
8.73  2.07121  0.854917  0  0.23698  -3.95219  0  
8.74  2.07358  0.814415  0  0.23698  -4.05029  0  
8.75  2.07594  0.772931  0  0.23698  -4.14839  0  
8.76  2.07831  0.730466  0  0.23698  -4.24649  0  
8.77  2.08068  0.68702  0  0.23698  -4.34459  0  
8.78  2.08305  0.642593  0  0.23698  -4.44269  0  
8.79  2.08542  0.597185  0  0.23698  -4.54079  0  
8.8  2.08779  0.550796  0  0.23698  -4.63889  0  
8.81  2.09016  0.503426  0  0.23698  -4.73699  0  
8.82  2.09253  0.455075  0  0.23698  -4.83509  0  
8.83  2.0949  0.405743  0  0.23698  -4.93319  0  
8.84  2.09727  0.35543  0  0.23698  -5.03129  0  
8.85  2.09964  0.304137  0  0.23698  -5.12939  0  
8.86  2.10201  0.251862  0  0.23698  -5.22749  0  
8.87  2.10438  0.198606  0  0.23698  -5.32559  0  
8.88  2.10675  0.147476  0  0.23698  -5.11295  0  
8.89  2.10912  0.102839  0  0.23698  -4.46374  0  
8.9  2.11149  0.0685047  0  0.23698  -3.43341  0  
8.91  2.11386  0.0474054  0  0.23698  -2.10993  0  
8.92  2.11623  0.0413425  0  0.23698  -0.606292  0  
8.93  2.1186  0.0508336  0  0.23698  0.949112  0  
8.94  2.12097  0.0750684  0  0.23698  2.42348  0  
8.95  2.12334  0.111978  0  0.23698  3.69092  0  
8.96  2.12571  0.15841  0  0.23698  4.64322  0  
8.97  2.12808  0.2104  0  0.23698  5.19907  0  
8.98  2.13045  0.263511  0  0.23698  5.31101  0  
8.99  2.13282  0.31564  0  0.23698  5.21291  0  
9  2.13519  0.366788  0  0.23698  5.11481  0  
9.01  2.13756  0.416955  0  0.23698  5.01671  0  
9.02  2.13993  0.466141  0  0.23698  4.91861  0  
9.03  2.1423  0.514346  0  0.23698  4.82051  0  
9.04  2.14467  0.56157  0  0.23698  4.72241  0  
9.05  2.14704  0.607813  0  0.23698  4.62431  0  
9.06  2.14941  0.653075  0  0.23698  4.52621  0  
9.07  2.15178  0.697356  0  0.23698  4.42811  0  
9.08  2.15415  0.740656  0  0.23698  4.33001  0  
9.09  2.15652  0.782975  0  0.23698  4.23191  0  
9.1  2.15889  0.824313  0  0.23698  4.13381  0  
9.11  2.16126  0.86467  0  0.23698  4.03571  0  
9.12  2.16363  0.904047  0  0.23698  3.93761  0  
9.13  2.166  0.942442  0  0.23698  3.83951  0  
9.14  2.16837  0.979856  0  0.23698  3.74141  0  
9.15  2.17074  1.01629  0  0.23698  3.64331  0  
9.16  2.17311  1.05174  0  0.23698  3.54521  0  
9.17  2.17548  1.08621  0  0.23698  3.44711  0  
9.18  2.17785  1.1197  0  0.23698  3.34901  0  
9.19  2.18022  1.15221  0  0.23698  3.25091  0  
9.2  2.18259  1.18374  0  0.23698  3.15281  0  
9.21  2.18496  1.21429  0  0.23698  3.05471  0  
9.22  2.18733  1.24385  0  0.23698  2.95661  0  
9.23  2.1897  1.27244  0  0.23698  2.85851  0  
9.24  2.19207  1.30004  0  0.23698  2.76041  0  
9.25  2.19443  1.32666  0  0.23698  2.66231  0  
9.26  2.1968  1.35231  0  0.23698  2.56421  0  
9.27  2.19917  1.37697  0  0.23698  2.46611  0  
9.28  2.20154  1.40065  0  0.23698  2.36801  0  
9.29  2.20391  1.42335  0  0.23698  2.26991  0  
9.3  2.20628  1.44506  0  0.23698  2.17181  0  
9.31  2.20865  1.4658  0  0.23698  2.07371  0  
9.32  2.21102  1.48556  0  0.23698  1.97561  0  
9.33  2.21339  1.50433  0  0.23698  1.87751  0  
9.34  2.21576  1.52213  0  0.23698  1.77941  0  
9.35  2.21813  1.53894  0  0.23698  1.68131  0  
9.36  2.2205  1.55477  0  0.23698  1.58321  0  
9.37  2.22287  1.56962  0  0.23698  1.48511  0  
9.38  2.22524  1.58349  0  0.23698  1.38701  0  
9.39  2.22761  1.59638  0  0.23698  1.28891  0  
9.4  2.22998  1.60829  0  0.23698  1.19081  0  
9.41  2.23235  1.61922  0  0.23698  1.09271  0  
9.42  2.23472  1.62916  0  0.23698  0.994608  0  
9.43  2.23709  1.63813  0  0.23698  0.896508  0  
9.44  2.23946  1.64611  0  0.23698  0.798408  0  
9.45  2.24183  1.65312  0  0.23698  0.700308  0  
9.46  2.2442  1.65914  0  0.23698  0.602208  0  
9.47  2.24657  1.66418  0  0.23698  0.504108  0  
9.48  2.24894  1.66824  0  0.23698  0.406008  0  
9.49  2.25131  1.67132  0  0.23698  0.307908  0  
9.5  2.25368  1.67342  0  0.23698  0.209808  0  
9.51  2.25605  1.67453  0  0.23698  0.111708  0  
9.52  2.25842  1.67467  0  0.23698  0.0136076  0  
9.53  2.26079  1.67382  0  0.23698  -0.0844924  0  
9.54  2.26316  1.672  0  0.23698  -0.182592  0  
9.55  2.26553  1.66919  0  0.23698  -0.280692  0  
9.56  2.2679  1.6654  0  0.23698  -0.378792  0  
9.57  2.27027  1.66063  0  0.23698  -0.476892  0  
9.58  2.27264  1.65489  0  0.23698  -0.574992  0  
9.59  2.27501  1.64815  0  0.23698  -0.673092  0  
9.6  2.27738  1.64044  0  0.23698  -0.771192  0  
9.61  2.27975  1.63175  0  0.23698  -0.869292  0  
9.62  2.28212  1.62208  0  0.23698  -0.967392  0  
9.63  2.28449  1.61142  0  0.23698  -1.06549  0  
9.64  2.28686  1.59978  0  0.23698  -1.16359  0  
9.65  2.28923  1.58717  0  0.23698  -1.26169  0  
9.66  2.2916  1.57357  0  0.23698  -1.35979  0  
9.67  2.29397  1.55899  0  0.23698  -1.45789  0  
9.68  2.29634  1.54343  0  0.23698  -1.55599  0  
9.69  2.29871  1.52689  0  0.23698  -1.65409  0  
9.7  2.30108  1.50937  0  0.23698  -1.75219  0  
9.71  2.30345  1.49087  0  0.23698  -1.85029  0  
9.72  2.30582  1.47138  0  0.23698  -1.94839  0  
9.73  2.30819  1.45092  0  0.23698  -2.04649  0  
9.74  2.31056  1.42947  0  0.23698  -2.14459  0  
9.75  2.31292  1.40704  0  0.23698  -2.24269  0  
9.76  2.31529  1.38364  0  0.23698  -2.34079  0  
9.77  2.31766  1.35925  0  0.23698  -2.43889  0  
9.78  2.32003  1.33388  0  0.23698  -2.53699  0  
9.79  2.3224  1.30753  0  0.23698  -2.63509  0  
9.8  2.32477  1.28019  0  0.23698  -2.73319  0  
9.81  2.32714  1.25188  0  0.23698  -2.83129  0  
9.82  2.32951  1.22259  0  0.23698  -2.92939  0  
9.83  2.33188  1.19231  0  0.23698  -3.02749  0  
9.84  2.33425  1.16106  0  0.23698  -3.12559  0  
9.85  2.33662  1.12882  0  0.23698  -3.22369  0  
9.86  2.33899  1.0956  0  0.23698  -3.32179  0  
9.87  2.34136  1.0614  0  0.23698  -3.41989  0  
9.88  2.34373  1.02622  0  0.23698  -3.51799  0  
9.89  2.3461  0.990061  0  0.23698  -3.61609  0  
9.9  2.34847  0.952919  0  0.23698  -3.71419  0  
9.91  2.35084  0.914797  0  0.23698  -3.81229  0  
9.92  2.35321  0.875693  0  0.23698  -3.91039  0  
9.93  2.35558  0.835608  0  0.23698  -4.00849  0  
9.94  2.35795  0.794542  0  0.23698  -4.10659  0  
9.95  2.36032  0.752495  0  0.23698  -4.20469  0  
9.96  2.36269  0.709467  0  0.23698  -4.30279  0  
9.97  2.36506  0.665458  0  0.23698  -4.40089  0  
9.98  2.36743  0.620468  0  0.23698  -4.49899  0  
9.99  2.3698  0.574497  0  0.23698  -4.59709  0  
