0  0  2  -20.2425  0  0.04905  0  
0.204425  0  1.99951  20.4425  0  -0.04905  0  
0.798244  0  1.99804  59.382  0  -0.14715  0.01  
1.73076  0  1.99559  93.2513  0  -0.24525  0.02  
2.92234  0  1.99215  119.158  0  -0.34335  0.03  
4.27126  0  1.98774  134.892  0  -0.44145  0.04  
5.66233  0  1.98234  139.107  0  -0.53955  0.05  
7.0534  0  1.97597  139.107  0  -0.63765  0.06  
8.44448  0  1.96861  139.107  0  -0.73575  0.07  
9.83555  0  1.96027  139.107  0  -0.83385  0.08  
11.2266  0  1.95095  139.107  0  -0.93195  0.09  
12.6177  0  1.94065  139.107  0  -1.03005  0.1  
14.0088  0  1.92937  139.107  0  -1.12815  0.11  
15.3998  0  1.91711  139.107  0  -1.22625  0.12  
16.7909  0  1.90386  139.107  0  -1.32435  0.13  
18.182  0  1.88964  139.107  0  -1.42245  0.14  
19.5731  0  1.87443  139.107  0  -1.52055  0.15  
20.9641  0  1.85825  139.107  0  -1.61865  0.16  
22.3552  0  1.84108  139.107  0  -1.71675  0.17  
23.7463  0  1.82293  139.107  0  -1.81485  0.18  
25.1374  0  1.8038  139.107  0  -1.91295  0.19  
26.5284  0  1.78369  139.107  0  -2.01105  0.2  
27.9195  0  1.7626  139.107  0  -2.10915  0.21  
29.3106  0  1.74053  139.107  0  -2.20725  0.22  
30.7017  0  1.71747  139.107  0  -2.30535  0.23  
32.0927  0  1.69344  139.107  0  -2.40345  0.24  
33.4838  0  1.66842  139.107  0  -2.50155  0.25  
34.8749  0  1.64243  139.107  0  -2.59965  0.26  
36.2659  0  1.61545  139.107  0  -2.69775  0.27  
37.657  0  1.58749  139.107  0  -2.79585  0.28  
39.0481  0  1.55855  139.107  0  -2.89395  0.29  
40.4392  0  1.52863  139.107  0  -2.99205  0.3  
41.8302  0  1.49773  139.107  0  -3.09015  0.31  
43.2213  0  1.46585  139.107  0  -3.18825  0.32  
44.6124  0  1.43298  139.107  0  -3.28635  0.33  
46.0035  0  1.39914  139.107  0  -3.38445  0.34  
47.3945  0  1.36431  139.107  0  -3.48255  0.35  
48.7856  0  1.32851  139.107  0  -3.58065  0.36  
50.1767  0  1.29172  139.107  0  -3.67875  0.37  
51.5678  0  1.25395  139.107  0  -3.77685  0.38  
52.9588  0  1.2152  139.107  0  -3.87495  0.39  
54.3499  0  1.17547  139.107  0  -3.97305  0.4  
55.741  0  1.13476  139.107  0  -4.07115  0.41  
57.132  0  1.09307  139.107  0  -4.16925  0.42  
58.5231  0  1.05039  139.107  0  -4.26735  0.43  
59.9142  0  1.00674  139.107  0  -4.36545  0.44  
61.3053  0  0.962102  139.107  0  -4.46355  0.45  
62.6963  0  0.916485  139.107  0  -4.56165  0.46  
64.0874  0  0.869888  139.107  0  -4.65975  0.47  
65.4785  0  0.822309  139.107  0  -4.75785  0.48  
66.8696  0  0.77375  139.107  0  -4.85595  0.49  
68.2606  0  0.724209  139.107  0  -4.95405  0.5  
69.6517  0  0.673688  139.107  0  -5.05215  0.51  
71.0428  0  0.622185  139.107  0  -5.15025  0.52  
72.4339  0  0.569702  139.107  0  -5.24835  0.53  
73.8249  0  0.516237  139.107  0  -5.34645  0.54  
75.216  0  0.461792  139.107  0  -5.44455  0.55  
76.6071  0  0.406365  139.107  0  -5.54265  0.56  
77.9981  0  0.349958  139.107  0  -5.64075  0.57  
79.3892  0  0.292569  139.107  0  -5.73885  0.58  
80.7803  0  0.2342  139.107  0  -5.83695  0.59  
82.1714  0  0.174918  139.107  0  -5.92822  0.6  
83.5624  0  0.119785  139.107  0  -5.51332  0.61  
84.9535  0  0.0735078  139.107  0  -4.62768  0.62  
86.3446  0  0.0400387  139.107  0  -3.34691  0.63  
87.7357  0  0.0222349  139.107  0  -1.78038  0.64  
89.1267  0  0.0216166  139.107  0  -0.061828  0.65  
90.5178  0  0.0382366  139.107  0  1.662  0.66  
91.9089  0  0.0706759  139.107  0  3.24392  0.67  
93.3  0  0.116165  139.107  0  4.54887  0.68  
94.691  0  0.170819  139.107  0  5.46542  0.69  
96.0821  0  0.229972  139.107  0  5.91532  0.7  
97.4732  0  0.288573  139.107  0  5.86015  0.71  
98.8642  0  0.346194  139.107  0  5.76205  0.72  
100.255  0  0.402833  139.107  0  5.66395  0.73  
101.646  0  0.458492  139.107  0  5.56585  0.74  
103.037  0  0.513169  139.107  0  5.46775  0.75  
104.429  0  0.566866  139.107  0  5.36965  0.76  
105.82  0  0.619581  139.107  0  5.27155  0.77  
107.211  0  0.671316  139.107  0  5.17345  0.78  
108.602  0  0.722069  139.107  0  5.07535  0.79  
109.993  0  0.771842  139.107  0  4.97725  0.8  
111.384  0  0.820633  139.107  0  4.87915  0.81  
112.775  0  0.868444  139.107  0  4.78105  0.82  
114.166  0  0.915273  139.107  0  4.68295  0.83  
115.557  0  0.961122  139.107  0  4.58485  0.84  
116.948  0  1.00599  139.107  0  4.48675  0.85  
118.339  0  1.04988  139.107  0  4.38865  0.86  
119.73  0  1.09278  139.107  0  4.29055  0.87  
121.121  0  1.13471  139.107  0  4.19245  0.88  
122.512  0  1.17565  139.107  0  4.09435  0.89  
123.904  0  1.21561  139.107  0  3.99625  0.9  
125.295  0  1.25459  139.107  0  3.89815  0.91  
126.686  0  1.29259  139.107  0  3.80005  0.92  
128.077  0  1.32961  139.107  0  3.70195  0.93  
129.468  0  1.36565  139.107  0  3.60385  0.94  
130.859  0  1.40071  139.107  0  3.50575  0.95  
132.25  0  1.43479  139.107  0  3.40765  0.96  
133.641  0  1.46788  139.107  0  3.30955  0.97  
135.032  0  1.5  139.107  0  3.21145  0.98  
136.423  0  1.53113  139.107  0  3.11335  0.99  
137.814  0  1.56128  139.107  0  3.01525  1  
139.205  0  1.59045  139.107  0  2.91715  1.01  
140.596  0  1.61864  139.107  0  2.81905  1.02  
141.988  0  1.64585  139.107  0  2.72095  1.03  
143.379  0  1.67208  139.107  0  2.62285  1.04  
144.77  0  1.69733  139.107  0  2.52475  1.05  
146.161  0  1.7216  139.107  0  2.42665  1.06  
147.552  0  1.74488  139.107  0  2.32855  1.07  
148.943  0  1.76719  139.107  0  2.23045  1.08  
150.334  0  1.78851  139.107  0  2.13235  1.09  
151.725  0  1.80885  139.107  0  2.03425  1.1  
153.116  0  1.82821  139.107  0  1.93615  1.11  
154.507  0  1.84659  139.107  0  1.83805  1.12  
155.898  0  1.86399  139.107  0  1.73995  1.13  
157.289  0  1.88041  139.107  0  1.64185  1.14  
158.68  0  1.89585  139.107  0  1.54375  1.15  
160.071  0  1.91031  139.107  0  1.44565  1.16  
161.463  0  1.92378  139.107  0  1.34755  1.17  
162.854  0  1.93628  139.107  0  1.24945  1.18  
164.245  0  1.94779  139.107  0  1.15135  1.19  
165.636  0  1.95832  139.107  0  1.05325  1.2  
167.027  0  1.96787  139.107  0  0.955148  1.21  
168.418  0  1.97644  139.107  0  0.857048  1.22  
169.809  0  1.98403  139.107  0  0.758948  1.23  
171.2  0  1.99064  139.107  0  0.660848  1.24  
172.591  0  1.99627  139.107  0  0.562748  1.25  
173.982  0  2.00091  139.107  0  0.464648  1.26  
175.373  0  2.00458  139.107  0  0.366548  1.27  
176.764  0  2.00726  139.107  0  0.268448  1.28  
178.155  0  2.00897  139.107  0  0.170348  1.29  
179.547  0  2.00969  139.107  0  0.0722484  1.3  
180.938  0  2.00943  139.107  0  -0.0258516  1.31  
182.329  0  2.00819  139.107  0  -0.123952  1.32  
183.72  0  2.00597  139.107  0  -0.222052  1.33  
185.111  0  2.00277  139.107  0  -0.320152  1.34  
186.502  0  1.99859  139.107  0  -0.418252  1.35  
187.893  0  1.99342  139.107  0  -0.516352  1.36  
189.284  0  1.98728  139.107  0  -0.614452  1.37  
190.675  0  1.98015  139.107  0  -0.712552  1.38  
192.066  0  1.97205  139.107  0  -0.810652  1.39  
193.457  0  1.96296  139.107  0  -0.908752  1.4  
194.848  0  1.95289  139.107  0  -1.00685  1.41  
196.239  0  1.94184  139.107  0  -1.10495  1.42  
197.63  0  1.92981  139.107  0  -1.20305  1.43  
199.022  0  1.9168  139.107  0  -1.30115  1.44  
200.413  0  1.90281  139.107  0  -1.39925  1.45  
201.804  0  1.88783  139.107  0  -1.49735  1.46  
203.195  0  1.87188  139.107  0  -1.59545  1.47  
204.586  0  1.85494  139.107  0  -1.69355  1.48  
205.977  0  1.83703  139.107  0  -1.79165  1.49  
207.368  0  1.81813  139.107  0  -1.88975  1.5  
208.759  0  1.79825  139.107  0  -1.98785  1.51  
210.15  0  1.77739  139.107  0  -2.08595  1.52  
211.541  0  1.75555  139.107  0  -2.18405  1.53  
212.932  0  1.73273  139.107  0  -2.28215  1.54  
214.323  0  1.70893  139.107  0  -2.38025  1.55  
215.714  0  1.68414  139.107  0  -2.47835  1.56  
217.105  0  1.65838  139.107  0  -2.57645  1.57  
218.497  0  1.63163  139.107  0  -2.67455  1.58  
219.888  0  1.60391  139.107  0  -2.77265  1.59  
221.279  0  1.5752  139.107  0  -2.87075  1.6  
222.67  0  1.54551  139.107  0  -2.96885  1.61  
224.061  0  1.51484  139.107  0  -3.06695  1.62  
225.452  0  1.48319  139.107  0  -3.16505  1.63  
226.843  0  1.45056  139.107  0  -3.26315  1.64  
228.234  0  1.41695  139.107  0  -3.36125  1.65  
229.625  0  1.38235  139.107  0  -3.45935  1.66  
231.016  0  1.34678  139.107  0  -3.55745  1.67  
232.407  0  1.31022  139.107  0  -3.65555  1.68  
233.798  0  1.27269  139.107  0  -3.75365  1.69  
235.189  0  1.23417  139.107  0  -3.85175  1.7  
236.581  0  1.19467  139.107  0  -3.94985  1.71  
237.972  0  1.15419  139.107  0  -4.04795  1.72  
239.363  0  1.11273  139.107  0  -4.14605  1.73  
240.754  0  1.07029  139.107  0  -4.24415  1.74  
242.145  0  1.02687  139.107  0  -4.34225  1.75  
243.536  0  0.982464  139.107  0  -4.44035  1.76  
244.927  0  0.93708  139.107  0  -4.53845  1.77  
246.318  0  0.890714  139.107  0  -4.63655  1.78  
247.709  0  0.843368  139.107  0  -4.73465  1.79  
249.1  0  0.79504  139.107  0  -4.83275  1.8  
250.491  0  0.745732  139.107  0  -4.93085  1.81  
251.882  0  0.695442  139.107  0  -5.02895  1.82  
253.273  0  0.644172  139.107  0  -5.12705  1.83  
254.664  0  0.59192  139.107  0  -5.22515  1.84  
256.056  0  0.538688  139.107  0  -5.32325  1.85  
257.447  0  0.484474  139.107  0  -5.42135  1.86  
258.838  0  0.429279  139.107  0  -5.51945  1.87  
260.229  0  0.373104  139.107  0  -5.61755  1.88  
261.62  0  0.315947  139.107  0  -5.71565  1.89  
263.011  0  0.25781  139.107  0  -5.81375  1.9  
264.402  0  0.198691  139.107  0  -5.91185  1.91  
265.793  0  0.141692  139.107  0  -5.69994  1.92  
267.184  0  0.0916785  139.107  0  -5.00135  1.93  
268.575  0  0.0529213  139.107  0  -3.87573  1.94  
269.966  0  0.0287294  139.107  0  -2.41919  1.95  
271.357  0  0.0211685  139.107  0  -0.756091  1.96  
272.748  0  0.0308841  139.107  0  0.971564  1.97  
274.139  0  0.0570467  139.107  0  2.61626  1.98  
275.531  0  0.0974225  139.107  0  4.03758  1.99  
276.922  0  0.148564  139.107  0  5.11416  2  
278.313  0  0.206105  139.107  0  5.75407  2.01  
279.704  0  0.265132  139.107  0  5.90269  2.02  
281.095  0  0.323177  139.107  0  5.80459  2.03  
282.486  0  0.380242  139.107  0  5.70649  2.04  
283.877  0  0.436326  139.107  0  5.60839  2.05  
285.268  0  0.491429  139.107  0  5.51029  2.06  
286.659  0  0.545551  139.107  0  5.41219  2.07  
288.05  0  0.598692  139.107  0  5.31409  2.08  
289.441  0  0.650852  139.107  0  5.21599  2.09  
290.832  0  0.70203  139.107  0  5.11789  2.1  
292.223  0  0.752228  139.107  0  5.01979  2.11  
293.615  0  0.801445  139.107  0  4.92169  2.12  
295.006  0  0.849681  139.107  0  4.82359  2.13  
296.397  0  0.896936  139.107  0  4.72549  2.14  
297.788  0  0.94321  139.107  0  4.62739  2.15  
299.179  0  0.988503  139.107  0  4.52929  2.16  
300.57  0  1.03281  139.107  0  4.43119  2.17  
301.961  0  1.07615  139.107  0  4.33309  2.18  
303.352  0  1.1185  139.107  0  4.23499  2.19  
304.743  0  1.15986  139.107  0  4.13689  2.2  
306.134  0  1.20025  139.107  0  4.03879  2.21  
307.525  0  1.23966  139.107  0  3.94069  2.22  
308.916  0  1.27808  139.107  0  3.84259  2.23  
310.307  0  1.31553  139.107  0  3.74449  2.24  
311.698  0  1.35199  139.107  0  3.64639  2.25  
313.09  0  1.38748  139.107  0  3.54829  2.26  
314.481  0  1.42198  139.107  0  3.45019  2.27  
315.872  0  1.4555  139.107  0  3.35209  2.28  
317.263  0  1.48804  139.107  0  3.25399  2.29  
318.654  0  1.5196  139.107  0  3.15589  2.3  
320.045  0  1.55018  139.107  0  3.05779  2.31  
321.436  0  1.57977  139.107  0  2.95969  2.32  
322.827  0  1.60839  139.107  0  2.86159  2.33  
324.218  0  1.63602  139.107  0  2.76349  2.34  
325.609  0  1.66268  139.107  0  2.66539  2.35  
327  0  1.68835  139.107  0  2.56729  2.36  
328.391  0  1.71304  139.107  0  2.46919  2.37  
329.782  0  1.73675  139.107  0  2.37109  2.38  
331.174  0  1.75948  139.107  0  2.27299  2.39  
332.565  0  1.78123  139.107  0  2.17489  2.4  
333.956  0  1.802  139.107  0  2.07679  2.41  
335.347  0  1.82179  139.107  0  1.97869  2.42  
336.738  0  1.84059  139.107  0  1.88059  2.43  
338.129  0  1.85842  139.107  0  1.78249  2.44  
339.52  0  1.87526  139.107  0  1.68439  2.45  
340.911  0  1.89112  139.107  0  1.58629  2.46  
342.302  0  1.90601  139.107  0  1.48819  2.47  
343.693  0  1.91991  139.107  0  1.39009  2.48  
345.084  0  1.93283  139.107  0  1.29199  2.49  
346.475  0  1.94476  139.107  0  1.19389  2.5  
347.866  0  1.95572  139.107  0  1.09579  2.51  
349.257  0  1.9657  139.107  0  0.997685  2.52  
350.649  0  1.9747  139.107  0  0.899585  2.53  
352.04  0  1.98271  139.107  0  0.801485  2.54  
353.431  0  1.98974  139.107  0  0.703385  2.55  
354.822  0  1.9958  139.107  0  0.605285  2.56  
356.213  0  2.00087  139.107  0  0.507185  2.57  
357.604  0  2.00496  139.107  0  0.409085  2.58  
358.995  0  2.00807  139.107  0  0.310985  2.59  
360.386  0  2.0102  139.107  0  0.212885  2.6  
361.777  0  2.01135  139.107  0  0.114785  2.61  
363.168  0  2.01151  139.107  0  0.0166855  2.62  
364.559  0  2.0107  139.107  0  -0.0814145  2.63  
365.95  0  2.0089  139.107  0  -0.179515  2.64  
367.341  0  2.00613  139.107  0  -0.277615  2.65  
368.732  0  2.00237  139.107  0  -0.375715  2.66  
370.124  0  1.99763  139.107  0  -0.473815  2.67  
371.515  0  1.99191  139.107  0  -0.571915  2.68  
372.906  0  1.98521  139.107  0  -0.670015  2.69  
374.297  0  1.97753  139.107  0  -0.768115  2.7  
375.688  0  1.96887  139.107  0  -0.866215  2.71  
377.079  0  1.95923  139.107  0  -0.964315  2.72  
378.47  0  1.9486  139.107  0  -1.06241  2.73  
379.861  0  1.937  139.107  0  -1.16051  2.74  
381.252  0  1.92441  139.107  0  -1.25861  2.75  
382.643  0  1.91084  139.107  0  -1.35671  2.76  
384.034  0  1.8963  139.107  0  -1.45481  2.77  
385.425  0  1.88077  139.107  0  -1.55291  2.78  
386.816  0  1.86426  139.107  0  -1.65101  2.79  
388.208  0  1.84677  139.107  0  -1.74911  2.8  
389.599  0  1.82829  139.107  0  -1.84721  2.81  
390.99  0  1.80884  139.107  0  -1.94531  2.82  
392.381  0  1.78841  139.107  0  -2.04341  2.83  
393.772  0  1.76699  139.107  0  -2.14151  2.84  
395.163  0  1.74459  139.107  0  -2.23961  2.85  
396.554  0  1.72122  139.107  0  -2.33771  2.86  
397.945  0  1.69686  139.107  0  -2.43581  2.87  
399.336  0  1.67152  139.107  0  -2.53391  2.88  
400.727  0  1.6452  139.107  0  -2.63201  2.89  
402.118  0  1.6179  139.107  0  -2.73011  2.9  
403.509  0  1.58962  139.107  0  -2.82821  2.91  
404.9  0  1.56035  139.107  0  -2.92631  2.92  
406.291  0  1.53011  139.107  0  -3.02441  2.93  
407.683  0  1.49888  139.107  0  -3.12251  2.94  
409.074  0  1.46668  139.107  0  -3.22061  2.95  
410.465  0  1.43349  139.107  0  -3.31871  2.96  
411.856  0  1.39932  139.107  0  -3.41681  2.97  
413.247  0  1.36417  139.107  0  -3.51491  2.98  
414.638  0  1.32804  139.107  0  -3.61301  2.99  
416.029  0  1.29093  139.107  0  -3.71111  3  
417.42  0  1.25284  139.107  0  -3.80921  3.01  
418.811  0  1.21377  139.107  0  -3.90731  3.02  
420.202  0  1.17371  139.107  0  -4.00541  3.03  
421.593  0  1.13268  139.107  0  -4.10351  3.04  
422.984  0  1.09066  139.107  0  -4.20161  3.05  
424.375  0  1.04766  139.107  0  -4.29971  3.06  
425.766  0  1.00369  139.107  0  -4.39781  3.07  
427.158  0  0.958727  139.107  0  -4.49591  3.08  
428.549  0  0.912787  139.107  0  -4.59401  3.09  
429.94  0  0.865866  139.107  0  -4.69211  3.1  
431.331  0  0.817964  139.107  0  -4.79021  3.11  
432.722  0  0.769081  139.107  0  -4.88831  3.12  
434.113  0  0.719217  139.107  0  -4.98641  3.13  
435.504  0  0.668371  139.107  0  -5.08451  3.14  
436.895  0  0.616545  139.107  0  -5.18261  3.15  
438.286  0  0.563738  139.107  0  -5.28071  3.16  
439.677  0  0.50995  139.107  0  -5.37881  3.17  
441.068  0  0.455181  139.107  0  -5.47691  3.18  
442.459  0  0.399431  139.107  0  -5.57501  3.19  
443.85  0  0.342699  139.107  0  -5.67311  3.2  
445.242  0  0.284987  139.107  0  -5.77121  3.21  
446.633  0  0.226294  139.107  0  -5.86931  3.22  
448.024  0  0.167363  139.107  0  -5.89308  3.23  
449.415  0  0.113227  139.107  0  -5.41368  3.24  
450.806  0  0.0685061  139.107  0  -4.47205  3.25  
452.197  0  0.0370204  139.107  0  -3.14857  3.26  
453.588  0  0.0214577  139.107  0  -1.55627  3.27  
454.979  0  0.0231469  139.107  0  0.168918  3.28  
456.37  0  0.0419437  139.107  0  1.87968  3.29  
457.761  0  0.0762432  139.107  0  3.42995  3.3  
459.152  0  0.123117  139.107  0  4.68736  3.31  
460.543  0  0.178562  139.107  0  5.54455  3.32  
461.934  0  0.237846  139.107  0  5.92833  3.33  
463.325  0  0.296148  139.107  0  5.83023  3.34  
464.717  0  0.353469  139.107  0  5.73213  3.35  
466.108  0  0.40981  139.107  0  5.63403  3.36  
467.499  0  0.465169  139.107  0  5.53593  3.37  
468.89  0  0.519547  139.107  0  5.43783  3.38  
470.281  0  0.572945  139.107  0  5.33973  3.39  
471.672  0  0.625361  139.107  0  5.24163  3.4  
473.063  0  0.676796  139.107  0  5.14353  3.41  
474.454  0  0.727251  139.107  0  5.04543  3.42  
475.845  0  0.776724  139.107  0  4.94733  3.43  
477.236  0  0.825216  139.107  0  4.84923  3.44  
478.627  0  0.872728  139.107  0  4.75113  3.45  
480.018  0  0.919258  139.107  0  4.65303  3.46  
481.409  0  0.964807  139.107  0  4.55493  3.47  
482.801  0  1.00938  139.107  0  4.45683  3.48  
484.192  0  1.05296  139.107  0  4.35873  3.49  
485.583  0  1.09557  139.107  0  4.26063  3.5  
486.974  0  1.13719  139.107  0  4.16253  3.51  
488.365  0  1.17784  139.107  0  4.06443  3.52  
489.756  0  1.2175  139.107  0  3.96633  3.53  
491.147  0  1.25618  139.107  0  3.86823  3.54  
492.538  0  1.29389  139.107  0  3.77013  3.55  
493.929  0  1.33061  139.107  0  3.67203  3.56  
495.32  0  1.36635  139.107  0  3.57393  3.57  
496.711  0  1.4011  139.107  0  3.47583  3.58  
498.102  0  1.43488  139.107  0  3.37773  3.59  
499.493  0  1.46768  139.107  0  3.27963  3.6  
500.884  0  1.49949  139.107  0  3.18153  3.61  
502.276  0  1.53033  139.107  0  3.08343  3.62  
503.667  0  1.56018  139.107  0  2.98533  3.63  
505.058  0  1.58905  139.107  0  2.88723  3.64  
506.449  0  1.61694  139.107  0  2.78913  3.65  
507.84  0  1.64385  139.107  0  2.69103  3.66  
509.231  0  1.66978  139.107  0  2.59293  3.67  
510.622  0  1.69473  139.107  0  2.49483  3.68  
512.013  0  1.7187  139.107  0  2.39673  3.69  
513.404  0  1.74169  139.107  0  2.29863  3.7  
514.795  0  1.76369  139.107  0  2.20053  3.71  
516.186  0  1.78472  139.107  0  2.10243  3.72  
517.577  0  1.80476  139.107  0  2.00433  3.73  
518.968  0  1.82382  139.107  0  1.90623  3.74  
520.359  0  1.8419  139.107  0  1.80813  3.75  
521.751  0  1.859  139.107  0  1.71003  3.76  
523.142  0  1.87512  139.107  0  1.61193  3.77  
524.533  0  1.89026  139.107  0  1.51383  3.78  
525.924  0  1.90442  139.107  0  1.41573  3.79  
527.315  0  1.91759  139.107  0  1.31763  3.8  
528.706  0  1.92979  139.107  0  1.21953  3.81  
530.097  0  1.941  139.107  0  1.12143  3.82  
531.488  0  1.95124  139.107  0  1.02333  3.83  
532.879  0  1.96049  139.107  0  0.925232  3.84  
534.27  0  1.96876  139.107  0  0.827132  3.85  
535.661  0  1.97605  139.107  0  0.729032  3.86  
537.052  0  1.98236  139.107  0  0.630932  3.87  
538.443  0  1.98769  139.107  0  0.532832  3.88  
539.835  0  1.99204  139.107  0  0.434732  3.89  
541.226  0  1.9954  139.107  0  0.336632  3.9  
542.617  0  1.99779  139.107  0  0.238532  3.91  
544.008  0  1.99919  139.107  0  0.140432  3.92  
545.399  0  1.99961  139.107  0  0.042332  3.93  
546.79  0  1.99906  139.107  0  -0.055768  3.94  
548.181  0  1.99752  139.107  0  -0.153868  3.95  
549.572  0  1.995  139.107  0  -0.251968  3.96  
550.963  0  1.9915  139.107  0  -0.350068  3.97  
552.354  0  1.98702  139.107  0  -0.448168  3.98  
553.745  0  1.98155  139.107  0  -0.546268  3.99  
555.136  0  1.97511  139.107  0  -0.644368  4  
556.527  0  1.96769  139.107  0  -0.742468  4.01  
557.918  0  1.95928  139.107  0  -0.840568  4.02  
559.31  0  1.94989  139.107  0  -0.938668  4.03  
560.701  0  1.93953  139.107  0  -1.03677  4.04  
562.092  0  1.92818  139.107  0  -1.13487  4.05  
563.483  0  1.91585  139.107  0  -1.23297  4.06  
564.874  0  1.90254  139.107  0  -1.33107  4.07  
566.265  0  1.88824  139.107  0  -1.42917  4.08  
567.656  0  1.87297  139.107  0  -1.52727  4.09  
569.047  0  1.85672  139.107  0  -1.62537  4.1  
570.438  0  1.83948  139.107  0  -1.72347  4.11  
571.829  0  1.82127  139.107  0  -1.82157  4.12  
573.22  0  1.80207  139.107  0  -1.91967  4.13  
574.611  0  1.78189  139.107  0  -2.01777  4.14  
576.002  0  1.76073  139.107  0  -2.11587  4.15  
577.394  0  1.7386  139.107  0  -2.21397  4.16  
578.785  0  1.71547  139.107  0  -2.31207  4.17  
580.176  0  1.69137  139.107  0  -2.41017  4.18  
581.567  0  1.66629  139.107  0  -2.50827  4.19  
582.958  0  1.64023  139.107  0  -2.60637  4.2  
584.349  0  1.61318  139.107  0  -2.70447  4.21  
585.74  0  1.58516  139.107  0  -2.80257  4.22  
587.131  0  1.55615  139.107  0  -2.90067  4.23  
588.522  0  1.52616  139.107  0  -2.99877  4.24  
589.913  0  1.49519  139.107  0  -3.09687  4.25  
591.304  0  1.46324  139.107  0  -3.19497  4.26  
592.695  0  1.43031  139.107  0  -3.29307  4.27  
594.086  0  1.3964  139.107  0  -3.39117  4.28  
595.477  0  1.36151  139.107  0  -3.48927  4.29  
596.869  0  1.32563  139.107  0  -3.58737  4.3  
598.26  0  1.28878  139.107  0  -3.68547  4.31  
599.651  0  1.25094  139.107  0  -3.78357  4.32  
601.042  0  1.21213  139.107  0  -3.88167  4.33  
602.433  0  1.17233  139.107  0  -3.97977  4.34  
603.824  0  1.13155  139.107  0  -4.07787  4.35  
605.215  0  1.08979  139.107  0  -4.17597  4.36  
606.606  0  1.04705  139.107  0  -4.27407  4.37  
607.997  0  1.00333  139.107  0  -4.37217  4.38  
609.388  0  0.958627  139.107  0  -4.47027  4.39  
610.779  0  0.912943  139.107  0  -4.56837  4.4  
612.17  0  0.866278  139.107  0  -4.66647  4.41  
613.561  0  0.818633  139.107  0  -4.76457  4.42  
614.952  0  0.770006  139.107  0  -4.86267  4.43  
616.344  0  0.720398  139.107  0  -4.96077  4.44  
617.735  0  0.66981  139.107  0  -5.05887  4.45  
619.126  0  0.61824  139.107  0  -5.15697  4.46  
620.517  0  0.565689  139.107  0  -5.25507  4.47  
621.908  0  0.512158  139.107  0  -5.35317  4.48  
623.299  0  0.457645  139.107  0  -5.45127  4.49  
624.69  0  0.402151  139.107  0  -5.54937  4.5  
626.081  0  0.345676  139.107  0  -5.64747  4.51  
627.472  0  0.288221  139.107  0  -5.74557  4.52  
628.863  0  0.229784  139.107  0  -5.84367  4.53  
630.254  0  0.170812  139.107  0  -5.89723  4.54  
631.645  0  0.116339  139.107  0  -5.44728  4.55  
633.036  0  0.0710169  139.107  0  -4.53221  4.56  
634.428  0  0.0387151  139.107  0  -3.23018  4.57  
635.819  0  0.0221916  139.107  0  -1.65234  4.58  
637.21  0  0.0228574  139.107  0  0.0665754  4.59  
638.601  0  0.0406555  139.107  0  1.77981  4.6  
639.992  0  0.0740663  139.107  0  3.34108  4.61  
641.383  0  0.120237  139.107  0  4.61708  4.62  
642.774  0  0.175226  139.107  0  5.49886  4.63  
644.165  0  0.234337  139.107  0  5.91113  4.64  
645.556  0  0.292524  139.107  0  5.81869  4.65  
646.947  0  0.34973  139.107  0  5.72059  4.66  
648.338  0  0.405955  139.107  0  5.62249  4.67  
649.729  0  0.461198  139.107  0  5.52439  4.68  
651.12  0  0.515461  139.107  0  5.42629  4.69  
652.511  0  0.568743  139.107  0  5.32819  4.7  
653.903  0  0.621044  139.107  0  5.23009  4.71  
655.294  0  0.672364  139.107  0  5.13199  4.72  
656.685  0  0.722703  139.107  0  5.03389  4.73  
658.076  0  0.772061  139.107  0  4.93579  4.74  
659.467  0  0.820438  139.107  0  4.83769  4.75  
660.858  0  0.867833  139.107  0  4.73959  4.76  
662.249  0  0.914248  139.107  0  4.64149  4.77  
663.64  0  0.959682  139.107  0  4.54339  4.78  
665.031  0  1.00414  139.107  0  4.44529  4.79  
666.422  0  1.04761  139.107  0  4.34719  4.8  
667.813  0  1.0901  139.107  0  4.24909  4.81  
669.204  0  1.13161  139.107  0  4.15099  4.82  
670.595  0  1.17214  139.107  0  4.05289  4.83  
671.986  0  1.21168  139.107  0  3.95479  4.84  
673.378  0  1.25025  139.107  0  3.85669  4.85  
674.769  0  1.28784  139.107  0  3.75859  4.86  
676.16  0  1.32444  139.107  0  3.66049  4.87  
677.551  0  1.36007  139.107  0  3.56239  4.88  
678.942  0  1.39471  139.107  0  3.46429  4.89  
680.333  0  1.42837  139.107  0  3.36619  4.9  
681.724  0  1.46105  139.107  0  3.26809  4.91  
683.115  0  1.49275  139.107  0  3.16999  4.92  
684.506  0  1.52347  139.107  0  3.07189  4.93  
685.897  0  1.55321  139.107  0  2.97379  4.94  
687.288  0  1.58197  139.107  0  2.87569  4.95  
688.679  0  1.60974  139.107  0  2.77759  4.96  
690.07  0  1.63654  139.107  0  2.67949  4.97  
691.462  0  1.66235  139.107  0  2.58139  4.98  
692.853  0  1.68718  139.107  0  2.48329  4.99  
